"","HEXID","year","population"
"1","CT1",2000,78386.6186908848
"2","CT10",2000,27244.1122077447
"3","CT11",2000,29017.3198722983
"4","CT12",2000,2783.97107161705
"5","CT13",2000,119563.909265022
"6","CT14",2000,1991.18126063582
"7","CT15",2000,710.145761734457
"8","CT16",2000,115300.857335633
"9","CT17",2000,350812.770643436
"10","CT18",2000,1411.5395190737
"11","CT19",2000,2302.32490414244
"12","CT2",2000,518.213218203582
"13","CT20",2000,229.589534271378
"14","CT21",2000,10030.4572855164
"15","CT22",2000,44742.7963544223
"16","CT23",2000,332.839797952662
"17","CT24",2000,12166.6901958873
"18","CT25",2000,61348.2603847806
"19","CT26",2000,10108.8424293222
"20","CT27",2000,2294.28031248539
"21","CT28",2000,27893.2076969126
"22","CT29",2000,1376.43298381763
"23","CT3",2000,5025.90973982326
"24","CT30",2000,29487.4118794739
"25","CT31",2000,8011.59964056521
"26","CT32",2000,99804.7817735422
"27","CT33",2000,71948.3671082347
"28","CT34",2000,31.8203196955597
"29","CT35",2000,59.812387214409
"30","CT36",2000,866.717138416901
"31","CT37",2000,19847.2845327015
"32","CT38",2000,175639.372911697
"33","CT39",2000,140602.357817702
"34","CT4",2000,149932.196245005
"35","CT40",2000,301.70883907079
"36","CT41",2000,861.170905387079
"37","CT42",2000,758.228653290117
"38","CT43",2000,30174.0928901923
"39","CT44",2000,613365.833768418
"40","CT45",2000,94339.634284832
"41","CT46",2000,1073.65013224591
"42","CT47",2000,661.315960874417
"43","CT48",2000,15751.0478491683
"44","CT49",2000,20997.8800457711
"45","CT5",2000,217163.891127947
"46","CT50",2000,679.738750554794
"47","CT51",2000,107.665206722423
"48","CT52",2000,23522.091139431
"49","CT53",2000,436.053505298297
"50","CT54",2000,1828.00819192501
"51","CT55",2000,192869.319873948
"52","CT56",2000,407980.70637947
"53","CT57",2000,8262.41735847051
"54","CT58",2000,357527.660416708
"55","CT59",2000,390541.698350256
"56","CT6",2000,198525.367134587
"57","CT60",2000,21198.7064339975
"58","CT61",2000,82291.1650713499
"59","CT7",2000,330.776244982725
"60","CT8",2000,16398.6295257874
"61","CT9",2000,4163.765874141
"62","FR1",2000,408.369433729382
"63","FR10",2000,1398.36296504708
"64","FR11",2000,1779.86457610784
"65","FR12",2000,121500.617504315
"66","FR13",2000,159410.083177828
"67","FR14",2000,11235.8363840409
"68","FR15",2000,72754.1797060109
"69","FR16",2000,20632.5189279104
"70","FR17",2000,8881.59693924706
"71","FR18",2000,714.78565904617
"72","FR19",2000,10038.2725569295
"73","FR2",2000,330.221066174763
"74","FR20",2000,281.132354053818
"75","FR21",2000,9767.44004741205
"76","FR22",2000,1968.61156970155
"77","FR23",2000,230.534146485683
"78","FR24",2000,4.7768170671671
"79","FR25",2000,1476.94987403267
"80","FR26",2000,55.0145454077594
"81","FR27",2000,67987.9547711201
"82","FR28",2000,29940.9870439605
"83","FR29",2000,5568.08750583735
"84","FR3",2000,44189.8773057669
"85","FR30",2000,21722.6345764099
"86","FR31",2000,116293.521589327
"87","FR32",2000,28402.5293921056
"88","FR33",2000,114853.134159411
"89","FR34",2000,2373.62521242386
"90","FR35",2000,233.80661999915
"91","FR36",2000,629.222412858576
"92","FR37",2000,974.626185915602
"93","FR38",2000,53195.5687440782
"94","FR39",2000,114.127043508501
"95","FR4",2000,26718.109991604
"96","FR40",2000,11622.0465661593
"97","FR41",2000,4492.56055223832
"98","FR42",2000,323.384398967683
"99","FR43",2000,6989.88303272584
"100","FR44",2000,3528.98136509196
"101","FR45",2000,357.68532572269
"102","FR46",2000,75500.2167829111
"103","FR47",2000,1187.08774854943
"104","FR48",2000,188.002503154048
"105","FR49",2000,28210.9590879242
"106","FR5",2000,28093.330827314
"107","FR50",2000,32263.3115927278
"108","FR51",2000,77570.288413537
"109","FR52",2000,97.3530530397978
"110","FR53",2000,12807.1366412462
"111","FR54",2000,85187.6458493264
"112","FR55",2000,10912.3023042094
"113","FR56",2000,68360.5765850611
"114","FR57",2000,11731.3364355772
"115","FR58",2000,2674.67920251712
"116","FR59",2000,76.5366142060941
"117","FR6",2000,302.025724602917
"118","FR60",2000,16361.9139259556
"119","FR61",2000,266.747133433646
"120","FR62",2000,301.859495462366
"121","FR63",2000,733.928529571803
"122","FR64",2000,11749.5310982479
"123","FR65",2000,30401.8666164535
"124","FR66",2000,21.4026921193187
"125","FR67",2000,27851.3077938101
"126","FR68",2000,41462.6840707946
"127","FR69",2000,345.952584833341
"128","FR7",2000,99656.3820218665
"129","FR70",2000,185.72725170973
"130","FR71",2000,1961.4286910793
"131","FR72",2000,27142.1058716299
"132","FR73",2000,739.894194239157
"133","FR74",2000,3569.89831400063
"134","FR75",2000,5662.72043740507
"135","FR76",2000,1728.34971657081
"136","FR77",2000,635.303009553622
"137","FR78",2000,29251.5339092842
"138","FR79",2000,6522.27392592622
"139","FR8",2000,350.274232851154
"140","FR80",2000,20383.3142267319
"141","FR81",2000,5520.79650207897
"142","FR82",2000,68076.8755664132
"143","FR83",2000,5967.35904212415
"144","FR84",2000,4277.24188691304
"145","FR85",2000,190.628957361682
"146","FR86",2000,8340.93166999128
"147","FR87",2000,74.0754595985488
"148","FR88",2000,2003.51438998321
"149","FR89",2000,2605.6857758423
"150","FR9",2000,49.1054973142593
"151","FR90",2000,2577.63566127428
"152","FR91",2000,48614.7643704354
"153","FR92",2000,11256.2525839702
"154","CT1",2001,78862.3714639111
"155","CT10",2001,27932.9752029333
"156","CT11",2001,29751.0714938202
"157","CT12",2001,2854.08842394068
"158","CT13",2001,120648.524178753
"159","CT14",2001,2009.24411110905
"160","CT15",2001,721.843853509976
"161","CT16",2001,118218.255358275
"162","CT17",2001,359689.205143248
"163","CT18",2001,1447.25497573416
"164","CT19",2001,2360.57944071844
"165","CT2",2001,523.46310964609
"166","CT20",2001,234.655531975575
"167","CT21",2001,10117.594326261
"168","CT22",2001,45145.8545951531
"169","CT23",2001,339.956824409904
"170","CT24",2001,12466.8498857363
"171","CT25",2001,62876.0786393409
"172","CT26",2001,10362.1838971638
"173","CT27",2001,2352.08918045817
"174","CT28",2001,28594.6628138846
"175","CT29",2001,1381.27790612334
"176","CT3",2001,5136.50835138748
"177","CT30",2001,29974.2797321574
"178","CT31",2001,8150.87751460815
"179","CT32",2001,101688.459381556
"180","CT33",2001,73331.8862913696
"181","CT34",2001,32.4322031505712
"182","CT35",2001,60.3203485850272
"183","CT36",2001,879.895330731998
"184","CT37",2001,20172.072702572
"185","CT38",2001,178701.236507814
"186","CT39",2001,143306.047311522
"187","CT4",2001,150417.243905479
"188","CT40",2001,307.510498415604
"189","CT41",2001,863.98255281533
"190","CT42",2001,769.393981609392
"191","CT43",2001,30659.8563864088
"192","CT44",2001,623120.558765706
"193","CT45",2001,95918.2347193964
"194","CT46",2001,1091.57642027991
"195","CT47",2001,663.475982534634
"196","CT48",2001,16066.3633505465
"197","CT49",2001,21393.1032530643
"198","CT5",2001,217841.430046624
"199","CT50",2001,690.517569949072
"200","CT51",2001,108.01751442054
"201","CT52",2001,23864.4412040055
"202","CT53",2001,445.343972153297
"203","CT54",2001,1844.71430429716
"204","CT55",2001,195263.486453592
"205","CT56",2001,414597.504985566
"206","CT57",2001,8347.9073050346
"207","CT58",2001,361101.953958753
"208","CT59",2001,398427.799617616
"209","CT6",2001,199943.315490803
"210","CT60",2001,21458.9824763876
"211","CT61",2001,83478.0542771994
"212","CT7",2001,332.872853392475
"213","CT8",2001,16795.7266607836
"214","CT9",2001,4269.03513568977
"215","FR1",2001,416.222105378743
"216","FR10",2001,1420.44975933729
"217","FR11",2001,1815.5495369579
"218","FR12",2001,123537.439027799
"219","FR13",2001,161584.414890898
"220","FR14",2001,11412.4406580748
"221","FR15",2001,74595.0411604406
"222","FR16",2001,20977.6172196753
"223","FR17",2001,9106.32340834365
"224","FR18",2001,725.623478028044
"225","FR19",2001,10292.2657741548
"226","FR2",2001,331.588422903901
"227","FR20",2001,282.488826553468
"228","FR21",2001,10012.2878756883
"229","FR22",2001,2006.46665777372
"230","FR23",2001,234.189793916758
"231","FR24",2001,4.86743336272023
"232","FR25",2001,1514.32037269778
"233","FR26",2001,56.0486488103106
"234","FR27",2001,68604.7022869947
"235","FR28",2001,30207.2928719454
"236","FR29",2001,5675.15811481024
"237","FR3",2001,45307.9909966071
"238","FR30",2001,22216.5635144836
"239","FR31",2001,117058.54105827
"240","FR32",2001,29120.6988074295
"241","FR33",2001,117759.203675643
"242","FR34",2001,2433.68381869914
"243","FR35",2001,234.963311524333
"244","FR36",2001,633.090637432155
"245","FR37",2001,987.335317628288
"246","FR38",2001,54180.6901869895
"247","FR39",2001,116.321630367289
"248","FR4",2001,27394.1445427049
"249","FR40",2001,11915.2041499382
"250","FR41",2001,4582.65560826668
"251","FR42",2001,330.900950414642
"252","FR43",2001,7166.74443752522
"253","FR44",2001,3616.09620825003
"254","FR45",2001,364.563375847668
"255","FR46",2001,76952.0356657347
"256","FR47",2001,1217.12401793015
"257","FR48",2001,191.617665737122
"258","FR49",2001,28924.7664287983
"259","FR5",2001,28802.4017346807
"260","FR50",2001,32883.7135840927
"261","FR51",2001,79061.9133963665
"262","FR52",2001,98.1010894485938
"263","FR53",2001,13130.2734561355
"264","FR54",2001,85707.2916835687
"265","FR55",2001,11188.4106612054
"266","FR56",2001,69675.1296078989
"267","FR57",2001,12027.6513659002
"268","FR58",2001,2741.76966585924
"269","FR59",2001,77.2141468271916
"270","FR6",2001,307.008816098908
"271","FR60",2001,16620.3382076973
"272","FR61",2001,268.043769727215
"273","FR62",2001,307.664052539109
"274","FR63",2001,746.12097873029
"275","FR64",2001,12046.8185052257
"276","FR65",2001,30896.0397989851
"277","FR66",2001,21.7465242674521
"278","FR67",2001,28556.0150664499
"279","FR68",2001,42511.7930401144
"280","FR69",2001,353.114624496125
"281","FR7",2001,101490.711143375
"282","FR70",2001,189.298663213204
"283","FR71",2001,1979.22164278659
"284","FR72",2001,27756.0809393643
"285","FR73",2001,754.121865222862
"286","FR74",2001,3659.76163581575
"287","FR75",2001,5796.12910902845
"288","FR76",2001,1755.71158500338
"289","FR77",2001,639.241230076067
"290","FR78",2001,29991.6703787913
"291","FR79",2001,6681.65721775027
"292","FR8",2001,356.063171590944
"293","FR80",2001,20899.0627120582
"294","FR81",2001,5648.82280762045
"295","FR82",2001,69159.1266592825
"296","FR83",2001,6109.25036433463
"297","FR84",2001,4379.60805613038
"298","FR85",2001,194.294624624683
"299","FR86",2001,8475.01105620469
"300","FR87",2001,75.4207039761298
"301","FR88",2001,2042.04063602004
"302","FR89",2001,2654.83010076743
"303","FR9",2001,49.9517476405935
"304","FR90",2001,2624.96215587777
"305","FR91",2001,49055.7695151011
"306","FR92",2001,11539.4675827572
"307","CT1",2002,79338.1242369373
"308","CT10",2002,28621.8381981219
"309","CT11",2002,30484.823115342
"310","CT12",2002,2924.20577626431
"311","CT13",2002,121733.139092483
"312","CT14",2002,2027.30696158228
"313","CT15",2002,733.541945285495
"314","CT16",2002,121135.653380917
"315","CT17",2002,368565.639643061
"316","CT18",2002,1482.97043239463
"317","CT19",2002,2418.83397729444
"318","CT2",2002,528.713001088599
"319","CT20",2002,239.721529679772
"320","CT21",2002,10204.7313670057
"321","CT22",2002,45548.9128358839
"322","CT23",2002,347.073850867146
"323","CT24",2002,12767.0095755853
"324","CT25",2002,64403.8968939011
"325","CT26",2002,10615.5253650055
"326","CT27",2002,2409.89804843095
"327","CT28",2002,29296.1179308567
"328","CT29",2002,1386.12282842906
"329","CT3",2002,5247.10696295169
"330","CT30",2002,30461.1475848408
"331","CT31",2002,8290.15538865109
"332","CT32",2002,103572.13698957
"333","CT33",2002,74715.4054745045
"334","CT34",2002,33.0440866055827
"335","CT35",2002,60.8283099556453
"336","CT36",2002,893.073523047096
"337","CT37",2002,20496.8608724425
"338","CT38",2002,181763.100103931
"339","CT39",2002,146009.736805343
"340","CT4",2002,150902.291565953
"341","CT40",2002,313.312157760418
"342","CT41",2002,866.794200243581
"343","CT42",2002,780.559309928667
"344","CT43",2002,31145.6198826254
"345","CT44",2002,632875.283762994
"346","CT45",2002,97496.8351539608
"347","CT46",2002,1109.50270831391
"348","CT47",2002,665.63600419485
"349","CT48",2002,16381.6788519247
"350","CT49",2002,21788.3264603575
"351","CT5",2002,218518.968965301
"352","CT50",2002,701.29638934335
"353","CT51",2002,108.369822118658
"354","CT52",2002,24206.79126858
"355","CT53",2002,454.634439008297
"356","CT54",2002,1861.42041666932
"357","CT55",2002,197657.653033236
"358","CT56",2002,421214.303591662
"359","CT57",2002,8433.39725159868
"360","CT58",2002,364676.247500799
"361","CT59",2002,406313.900884975
"362","CT6",2002,201361.26384702
"363","CT60",2002,21719.2585187778
"364","CT61",2002,84664.9434830488
"365","CT7",2002,334.969461802225
"366","CT8",2002,17192.8237957798
"367","CT9",2002,4374.30439723855
"368","FR1",2002,424.074777028103
"369","FR10",2002,1442.5365536275
"370","FR11",2002,1851.23449780796
"371","FR12",2002,125574.260551283
"372","FR13",2002,163758.746603968
"373","FR14",2002,11589.0449321087
"374","FR15",2002,76435.9026148704
"375","FR16",2002,21322.7155114402
"376","FR17",2002,9331.04987744023
"377","FR18",2002,736.461297009918
"378","FR19",2002,10546.2589913801
"379","FR2",2002,332.95577963304
"380","FR20",2002,283.845299053119
"381","FR21",2002,10257.1357039646
"382","FR22",2002,2044.3217458459
"383","FR23",2002,237.845441347832
"384","FR24",2002,4.95804965827336
"385","FR25",2002,1551.69087136289
"386","FR26",2002,57.0827522128618
"387","FR27",2002,69221.4498028692
"388","FR28",2002,30473.5986999303
"389","FR29",2002,5782.22872378314
"390","FR3",2002,46426.1046874473
"391","FR30",2002,22710.4924525572
"392","FR31",2002,117823.560527213
"393","FR32",2002,29838.8682227534
"394","FR33",2002,120665.273191875
"395","FR34",2002,2493.74242497441
"396","FR35",2002,236.120003049516
"397","FR36",2002,636.958862005733
"398","FR37",2002,1000.04444934097
"399","FR38",2002,55165.8116299007
"400","FR39",2002,118.516217226077
"401","FR4",2002,28070.1790938059
"402","FR40",2002,12208.3617337171
"403","FR41",2002,4672.75066429505
"404","FR42",2002,338.417501861602
"405","FR43",2002,7343.6058423246
"406","FR44",2002,3703.2110514081
"407","FR45",2002,371.441425972646
"408","FR46",2002,78403.8545485582
"409","FR47",2002,1247.16028731087
"410","FR48",2002,195.232828320196
"411","FR49",2002,29638.5737696724
"412","FR5",2002,29511.4726420474
"413","FR50",2002,33504.1155754576
"414","FR51",2002,80553.538379196
"415","FR52",2002,98.8491258573899
"416","FR53",2002,13453.4102710248
"417","FR54",2002,86226.937517811
"418","FR55",2002,11464.5190182015
"419","FR56",2002,70989.6826307367
"420","FR57",2002,12323.9662962233
"421","FR58",2002,2808.86012920136
"422","FR59",2002,77.8916794482892
"423","FR6",2002,311.991907594898
"424","FR60",2002,16878.7624894391
"425","FR61",2002,269.340406020784
"426","FR62",2002,313.468609615851
"427","FR63",2002,758.313427888777
"428","FR64",2002,12344.1059122035
"429","FR65",2002,31390.2129815167
"430","FR66",2002,22.0903564155855
"431","FR67",2002,29260.7223390896
"432","FR68",2002,43560.9020094342
"433","FR69",2002,360.276664158909
"434","FR7",2002,103325.040264883
"435","FR70",2002,192.870074716679
"436","FR71",2002,1997.01459449388
"437","FR72",2002,28370.0560070988
"438","FR73",2002,768.349536206567
"439","FR74",2002,3749.62495763087
"440","FR75",2002,5929.53778065183
"441","FR76",2002,1783.07345343596
"442","FR77",2002,643.179450598512
"443","FR78",2002,30731.8068482984
"444","FR79",2002,6841.04050957433
"445","FR8",2002,361.852110330735
"446","FR80",2002,21414.8111973845
"447","FR81",2002,5776.84911316192
"448","FR82",2002,70241.3777521519
"449","FR83",2002,6251.14168654511
"450","FR84",2002,4481.97422534772
"451","FR85",2002,197.960291887683
"452","FR86",2002,8609.09044241811
"453","FR87",2002,76.7659483537108
"454","FR88",2002,2080.56688205686
"455","FR89",2002,2703.97442569256
"456","FR9",2002,50.7979979669277
"457","FR90",2002,2672.28865048126
"458","FR91",2002,49496.7746597669
"459","FR92",2002,11822.6825815442
"460","CT1",2003,79813.8770099636
"461","CT10",2003,29310.7011933105
"462","CT11",2003,31218.5747368639
"463","CT12",2003,2994.32312858794
"464","CT13",2003,122817.754006214
"465","CT14",2003,2045.36981205552
"466","CT15",2003,745.240037061014
"467","CT16",2003,124053.05140356
"468","CT17",2003,377442.074142873
"469","CT18",2003,1518.68588905509
"470","CT19",2003,2477.08851387045
"471","CT2",2003,533.962892531107
"472","CT20",2003,244.787527383968
"473","CT21",2003,10291.8684077503
"474","CT22",2003,45951.9710766146
"475","CT23",2003,354.190877324387
"476","CT24",2003,13067.1692654344
"477","CT25",2003,65931.7151484614
"478","CT26",2003,10868.8668328471
"479","CT27",2003,2467.70691640374
"480","CT28",2003,29997.5730478287
"481","CT29",2003,1390.96775073477
"482","CT3",2003,5357.70557451591
"483","CT30",2003,30948.0154375243
"484","CT31",2003,8429.43326269402
"485","CT32",2003,105455.814597583
"486","CT33",2003,76098.9246576394
"487","CT34",2003,33.6559700605941
"488","CT35",2003,61.3362713262635
"489","CT36",2003,906.251715362193
"490","CT37",2003,20821.6490423131
"491","CT38",2003,184824.963700048
"492","CT39",2003,148713.426299163
"493","CT4",2003,151387.339226426
"494","CT40",2003,319.113817105233
"495","CT41",2003,869.605847671832
"496","CT42",2003,791.724638247943
"497","CT43",2003,31631.3833788419
"498","CT44",2003,642630.008760281
"499","CT45",2003,99075.4355885252
"500","CT46",2003,1127.42899634791
"501","CT47",2003,667.796025855067
"502","CT48",2003,16696.9943533029
"503","CT49",2003,22183.5496676506
"504","CT5",2003,219196.507883977
"505","CT50",2003,712.075208737629
"506","CT51",2003,108.722129816775
"507","CT52",2003,24549.1413331544
"508","CT53",2003,463.924905863298
"509","CT54",2003,1878.12652904147
"510","CT55",2003,200051.819612881
"511","CT56",2003,427831.102197759
"512","CT57",2003,8518.88719816277
"513","CT58",2003,368250.541042844
"514","CT59",2003,414200.002152335
"515","CT6",2003,202779.212203236
"516","CT60",2003,21979.5345611679
"517","CT61",2003,85851.8326888983
"518","CT7",2003,337.066070211976
"519","CT8",2003,17589.9209307759
"520","CT9",2003,4479.57365878732
"521","FR1",2003,431.927448677464
"522","FR10",2003,1464.62334791772
"523","FR11",2003,1886.91945865802
"524","FR12",2003,127611.082074766
"525","FR13",2003,165933.078317038
"526","FR14",2003,11765.6492061425
"527","FR15",2003,78276.7640693001
"528","FR16",2003,21667.8138032051
"529","FR17",2003,9555.77634653682
"530","FR18",2003,747.299115991793
"531","FR19",2003,10800.2522086053
"532","FR2",2003,334.323136362178
"533","FR20",2003,285.201771552769
"534","FR21",2003,10501.9835322409
"535","FR22",2003,2082.17683391807
"536","FR23",2003,241.501088778907
"537","FR24",2003,5.04866595382649
"538","FR25",2003,1589.061370028
"539","FR26",2003,58.116855615413
"540","FR27",2003,69838.1973187438
"541","FR28",2003,30739.9045279151
"542","FR29",2003,5889.29933275603
"543","FR3",2003,47544.2183782876
"544","FR30",2003,23204.4213906309
"545","FR31",2003,118588.579996156
"546","FR32",2003,30557.0376380773
"547","FR33",2003,123571.342708107
"548","FR34",2003,2553.80103124969
"549","FR35",2003,237.276694574699
"550","FR36",2003,640.827086579312
"551","FR37",2003,1012.75358105366
"552","FR38",2003,56150.933072812
"553","FR39",2003,120.710804084864
"554","FR4",2003,28746.2136449068
"555","FR40",2003,12501.5193174959
"556","FR41",2003,4762.84572032341
"557","FR42",2003,345.934053308561
"558","FR43",2003,7520.46724712398
"559","FR44",2003,3790.32589456618
"560","FR45",2003,378.319476097624
"561","FR46",2003,79855.6734313818
"562","FR47",2003,1277.19655669159
"563","FR48",2003,198.84799090327
"564","FR49",2003,30352.3811105465
"565","FR5",2003,30220.543549414
"566","FR50",2003,34124.5175668225
"567","FR51",2003,82045.1633620256
"568","FR52",2003,99.5971622661859
"569","FR53",2003,13776.5470859141
"570","FR54",2003,86746.5833520533
"571","FR55",2003,11740.6273751975
"572","FR56",2003,72304.2356535745
"573","FR57",2003,12620.2812265463
"574","FR58",2003,2875.95059254348
"575","FR59",2003,78.5692120693867
"576","FR6",2003,316.974999090889
"577","FR60",2003,17137.1867711808
"578","FR61",2003,270.637042314353
"579","FR62",2003,319.273166692594
"580","FR63",2003,770.505877047264
"581","FR64",2003,12641.3933191813
"582","FR65",2003,31884.3861640483
"583","FR66",2003,22.434188563719
"584","FR67",2003,29965.4296117294
"585","FR68",2003,44610.0109787541
"586","FR69",2003,367.438703821693
"587","FR7",2003,105159.369386391
"588","FR70",2003,196.441486220153
"589","FR71",2003,2014.80754620117
"590","FR72",2003,28984.0310748332
"591","FR73",2003,782.577207190272
"592","FR74",2003,3839.488279446
"593","FR75",2003,6062.94645227521
"594","FR76",2003,1810.43532186853
"595","FR77",2003,647.117671120956
"596","FR78",2003,31471.9433178056
"597","FR79",2003,7000.42380139838
"598","FR8",2003,367.641049070525
"599","FR80",2003,21930.5596827109
"600","FR81",2003,5904.8754187034
"601","FR82",2003,71323.6288450212
"602","FR83",2003,6393.0330087556
"603","FR84",2003,4584.34039456505
"604","FR85",2003,201.625959150684
"605","FR86",2003,8743.16982863152
"606","FR87",2003,78.1111927312918
"607","FR88",2003,2119.09312809369
"608","FR89",2003,2753.11875061768
"609","FR9",2003,51.644248293262
"610","FR90",2003,2719.61514508476
"611","FR91",2003,49937.7798044326
"612","FR92",2003,12105.8975803313
"613","CT1",2004,80289.6297829899
"614","CT10",2004,29999.5641884991
"615","CT11",2004,31952.3263583857
"616","CT12",2004,3064.44048091157
"617","CT13",2004,123902.368919944
"618","CT14",2004,2063.43266252875
"619","CT15",2004,756.938128836533
"620","CT16",2004,126970.449426202
"621","CT17",2004,386318.508642686
"622","CT18",2004,1554.40134571556
"623","CT19",2004,2535.34305044645
"624","CT2",2004,539.212783973616
"625","CT20",2004,249.853525088165
"626","CT21",2004,10379.005448495
"627","CT22",2004,46355.0293173454
"628","CT23",2004,361.307903781629
"629","CT24",2004,13367.3289552834
"630","CT25",2004,67459.5334030216
"631","CT26",2004,11122.2083006888
"632","CT27",2004,2525.51578437652
"633","CT28",2004,30699.0281648008
"634","CT29",2004,1395.81267304049
"635","CT3",2004,5468.30418608012
"636","CT30",2004,31434.8832902077
"637","CT31",2004,8568.71113673696
"638","CT32",2004,107339.492205597
"639","CT33",2004,77482.4438407743
"640","CT34",2004,34.2678535156056
"641","CT35",2004,61.8442326968816
"642","CT36",2004,919.42990767729
"643","CT37",2004,21146.4372121836
"644","CT38",2004,187886.827296165
"645","CT39",2004,151417.115792984
"646","CT4",2004,151872.3868869
"647","CT40",2004,324.915476450047
"648","CT41",2004,872.417495100083
"649","CT42",2004,802.889966567218
"650","CT43",2004,32117.1468750585
"651","CT44",2004,652384.733757569
"652","CT45",2004,100654.03602309
"653","CT46",2004,1145.35528438191
"654","CT47",2004,669.956047515283
"655","CT48",2004,17012.3098546811
"656","CT49",2004,22578.7728749438
"657","CT5",2004,219874.046802654
"658","CT50",2004,722.854028131907
"659","CT51",2004,109.074437514893
"660","CT52",2004,24891.4913977289
"661","CT53",2004,473.215372718298
"662","CT54",2004,1894.83264141363
"663","CT55",2004,202445.986192525
"664","CT56",2004,434447.900803855
"665","CT57",2004,8604.37714472686
"666","CT58",2004,371824.83458489
"667","CT59",2004,422086.103419694
"668","CT6",2004,204197.160559453
"669","CT60",2004,22239.8106035581
"670","CT61",2004,87038.7218947478
"671","CT7",2004,339.162678621726
"672","CT8",2004,17987.0180657721
"673","CT9",2004,4584.8429203361
"674","FR1",2004,439.780120326824
"675","FR10",2004,1486.71014220793
"676","FR11",2004,1922.60441950808
"677","FR12",2004,129647.90359825
"678","FR13",2004,168107.410030108
"679","FR14",2004,11942.2534801764
"680","FR15",2004,80117.6255237299
"681","FR16",2004,22012.91209497
"682","FR17",2004,9780.50281563341
"683","FR18",2004,758.136934973667
"684","FR19",2004,11054.2454258306
"685","FR2",2004,335.690493091317
"686","FR20",2004,286.55824405242
"687","FR21",2004,10746.8313605171
"688","FR22",2004,2120.03192199025
"689","FR23",2004,245.156736209981
"690","FR24",2004,5.13928224937961
"691","FR25",2004,1626.43186869311
"692","FR26",2004,59.1509590179642
"693","FR27",2004,70454.9448346184
"694","FR28",2004,31006.2103559
"695","FR29",2004,5996.36994172893
"696","FR3",2004,48662.3320691278
"697","FR30",2004,23698.3503287045
"698","FR31",2004,119353.599465099
"699","FR32",2004,31275.2070534012
"700","FR33",2004,126477.412224339
"701","FR34",2004,2613.85963752496
"702","FR35",2004,238.433386099882
"703","FR36",2004,644.69531115289
"704","FR37",2004,1025.46271276634
"705","FR38",2004,57136.0545157232
"706","FR39",2004,122.905390943652
"707","FR4",2004,29422.2481960078
"708","FR40",2004,12794.6769012748
"709","FR41",2004,4852.94077635177
"710","FR42",2004,353.450604755521
"711","FR43",2004,7697.32865192336
"712","FR44",2004,3877.44073772425
"713","FR45",2004,385.197526222602
"714","FR46",2004,81307.4923142053
"715","FR47",2004,1307.23282607231
"716","FR48",2004,202.463153486344
"717","FR49",2004,31066.1884514206
"718","FR5",2004,30929.6144567807
"719","FR50",2004,34744.9195581874
"720","FR51",2004,83536.7883448551
"721","FR52",2004,100.345198674982
"722","FR53",2004,14099.6839008034
"723","FR54",2004,87266.2291862956
"724","FR55",2004,12016.7357321936
"725","FR56",2004,73618.7886764123
"726","FR57",2004,12916.5961568694
"727","FR58",2004,2943.0410558856
"728","FR59",2004,79.2467446904842
"729","FR6",2004,321.958090586879
"730","FR60",2004,17395.6110529226
"731","FR61",2004,271.933678607922
"732","FR62",2004,325.077723769336
"733","FR63",2004,782.698326205751
"734","FR64",2004,12938.6807261591
"735","FR65",2004,32378.5593465799
"736","FR66",2004,22.7780207118524
"737","FR67",2004,30670.1368843691
"738","FR68",2004,45659.1199480739
"739","FR69",2004,374.600743484477
"740","FR7",2004,106993.698507899
"741","FR70",2004,200.012897723628
"742","FR71",2004,2032.60049790846
"743","FR72",2004,29598.0061425677
"744","FR73",2004,796.804878173977
"745","FR74",2004,3929.35160126112
"746","FR75",2004,6196.35512389859
"747","FR76",2004,1837.79719030111
"748","FR77",2004,651.055891643401
"749","FR78",2004,32212.0797873127
"750","FR79",2004,7159.80709322244
"751","FR8",2004,373.429987810316
"752","FR80",2004,22446.3081680372
"753","FR81",2004,6032.90172424487
"754","FR82",2004,72405.8799378906
"755","FR83",2004,6534.92433096608
"756","FR84",2004,4686.70656378239
"757","FR85",2004,205.291626413684
"758","FR86",2004,8877.24921484494
"759","FR87",2004,79.4564371088728
"760","FR88",2004,2157.61937413051
"761","FR89",2004,2802.26307554281
"762","FR9",2004,52.4904986195962
"763","FR90",2004,2766.94163968825
"764","FR91",2004,50378.7849490983
"765","FR92",2004,12389.1125791183
"766","CT1",2005,80765.3825560161
"767","CT10",2005,30688.4271836877
"768","CT11",2005,32686.0779799076
"769","CT12",2005,3134.5578332352
"770","CT13",2005,124986.983833675
"771","CT14",2005,2081.49551300198
"772","CT15",2005,768.636220612052
"773","CT16",2005,129887.847448844
"774","CT17",2005,395194.943142498
"775","CT18",2005,1590.11680237602
"776","CT19",2005,2593.59758702245
"777","CT2",2005,544.462675416124
"778","CT20",2005,254.919522792362
"779","CT21",2005,10466.1424892396
"780","CT22",2005,46758.0875580762
"781","CT23",2005,368.424930238871
"782","CT24",2005,13667.4886451324
"783","CT25",2005,68987.3516575819
"784","CT26",2005,11375.5497685304
"785","CT27",2005,2583.3246523493
"786","CT28",2005,31400.4832817728
"787","CT29",2005,1400.6575953462
"788","CT3",2005,5578.90279764434
"789","CT30",2005,31921.7511428912
"790","CT31",2005,8707.9890107799
"791","CT32",2005,109223.169813611
"792","CT33",2005,78865.9630239092
"793","CT34",2005,34.8797369706171
"794","CT35",2005,62.3521940674998
"795","CT36",2005,932.608099992388
"796","CT37",2005,21471.2253820541
"797","CT38",2005,190948.690892282
"798","CT39",2005,154120.805286804
"799","CT4",2005,152357.434547374
"800","CT40",2005,330.717135794861
"801","CT41",2005,875.229142528334
"802","CT42",2005,814.055294886493
"803","CT43",2005,32602.910371275
"804","CT44",2005,662139.458754857
"805","CT45",2005,102232.636457654
"806","CT46",2005,1163.28157241591
"807","CT47",2005,672.1160691755
"808","CT48",2005,17327.6253560593
"809","CT49",2005,22973.996082237
"810","CT5",2005,220551.585721331
"811","CT50",2005,733.632847526185
"812","CT51",2005,109.42674521301
"813","CT52",2005,25233.8414623034
"814","CT53",2005,482.505839573298
"815","CT54",2005,1911.53875378578
"816","CT55",2005,204840.152772169
"817","CT56",2005,441064.699409951
"818","CT57",2005,8689.86709129094
"819","CT58",2005,375399.128126935
"820","CT59",2005,429972.204687054
"821","CT6",2005,205615.108915669
"822","CT60",2005,22500.0866459482
"823","CT61",2005,88225.6111005972
"824","CT7",2005,341.259287031476
"825","CT8",2005,18384.1152007683
"826","CT9",2005,4690.11218188487
"827","FR1",2005,447.632791976185
"828","FR10",2005,1508.79693649814
"829","FR11",2005,1958.28938035814
"830","FR12",2005,131684.725121734
"831","FR13",2005,170281.741743178
"832","FR14",2005,12118.8577542103
"833","FR15",2005,81958.4869781596
"834","FR16",2005,22358.0103867349
"835","FR17",2005,10005.22928473
"836","FR18",2005,768.974753955541
"837","FR19",2005,11308.2386430559
"838","FR2",2005,337.057849820455
"839","FR20",2005,287.91471655207
"840","FR21",2005,10991.6791887934
"841","FR22",2005,2157.88701006242
"842","FR23",2005,248.812383641056
"843","FR24",2005,5.22989854493274
"844","FR25",2005,1663.80236735822
"845","FR26",2005,60.1850624205154
"846","FR27",2005,71071.6923504929
"847","FR28",2005,31272.5161838849
"848","FR29",2005,6103.44055070182
"849","FR3",2005,49780.445759968
"850","FR30",2005,24192.2792667782
"851","FR31",2005,120118.618934042
"852","FR32",2005,31993.3764687251
"853","FR33",2005,129383.481740571
"854","FR34",2005,2673.91824380024
"855","FR35",2005,239.590077625065
"856","FR36",2005,648.563535726469
"857","FR37",2005,1038.17184447903
"858","FR38",2005,58121.1759586345
"859","FR39",2005,125.09997780244
"860","FR4",2005,30098.2827471087
"861","FR40",2005,13087.8344850537
"862","FR41",2005,4943.03583238014
"863","FR42",2005,360.96715620248
"864","FR43",2005,7874.19005672274
"865","FR44",2005,3964.55558088232
"866","FR45",2005,392.07557634758
"867","FR46",2005,82759.3111970289
"868","FR47",2005,1337.26909545303
"869","FR48",2005,206.078316069418
"870","FR49",2005,31779.9957922947
"871","FR5",2005,31638.6853641474
"872","FR50",2005,35365.3215495523
"873","FR51",2005,85028.4133276846
"874","FR52",2005,101.093235083778
"875","FR53",2005,14422.8207156927
"876","FR54",2005,87785.8750205379
"877","FR55",2005,12292.8440891896
"878","FR56",2005,74933.3416992501
"879","FR57",2005,13212.9110871924
"880","FR58",2005,3010.13151922772
"881","FR59",2005,79.9242773115817
"882","FR6",2005,326.94118208287
"883","FR60",2005,17654.0353346643
"884","FR61",2005,273.230314901491
"885","FR62",2005,330.882280846079
"886","FR63",2005,794.890775364238
"887","FR64",2005,13235.9681331369
"888","FR65",2005,32872.7325291115
"889","FR66",2005,23.1218528599858
"890","FR67",2005,31374.8441570089
"891","FR68",2005,46708.2289173937
"892","FR69",2005,381.762783147261
"893","FR7",2005,108828.027629407
"894","FR70",2005,203.584309227102
"895","FR71",2005,2050.39344961575
"896","FR72",2005,30211.9812103021
"897","FR73",2005,811.032549157682
"898","FR74",2005,4019.21492307624
"899","FR75",2005,6329.76379552197
"900","FR76",2005,1865.15905873368
"901","FR77",2005,654.994112165846
"902","FR78",2005,32952.2162568198
"903","FR79",2005,7319.19038504649
"904","FR8",2005,379.218926550106
"905","FR80",2005,22962.0566533635
"906","FR81",2005,6160.92802978635
"907","FR82",2005,73488.1310307599
"908","FR83",2005,6676.81565317656
"909","FR84",2005,4789.07273299973
"910","FR85",2005,208.957293676685
"911","FR86",2005,9011.32860105835
"912","FR87",2005,80.8016814864538
"913","FR88",2005,2196.14562016734
"914","FR89",2005,2851.40740046794
"915","FR9",2005,53.3367489459304
"916","FR90",2005,2814.26813429174
"917","FR91",2005,50819.7900937641
"918","FR92",2005,12672.3275779053
"919","CT1",2006,81255.5729587722
"920","CT10",2006,31464.4323641199
"921","CT11",2006,33512.6511715549
"922","CT12",2006,3213.51638963412
"923","CT13",2006,126120.793799987
"924","CT14",2006,2100.37764054721
"925","CT15",2006,781.52986147148
"926","CT16",2006,133174.332624306
"927","CT17",2006,405194.356339126
"928","CT18",2006,1630.35070630279
"929","CT19",2006,2659.22204756728
"930","CT2",2006,550.043705755249
"931","CT20",2006,260.558713295117
"932","CT21",2006,10557.1685572824
"933","CT22",2006,47179.3809969511
"934","CT23",2006,376.373356886531
"935","CT24",2006,14004.8836963152
"936","CT25",2006,70706.107591362
"937","CT26",2006,11660.7077340343
"938","CT27",2006,2648.43501742039
"939","CT28",2006,32190.2951330688
"940","CT29",2006,1405.60768580497
"941","CT3",2006,5703.13137124423
"942","CT30",2006,32448.9711191197
"943","CT31",2006,8859.37446241121
"944","CT32",2006,111284.86745981
"945","CT33",2006,80382.5028517346
"946","CT34",2006,35.5504509608809
"947","CT35",2006,62.8985106751132
"948","CT36",2006,946.82054730835
"949","CT37",2006,21822.6405439854
"950","CT38",2006,194278.758956293
"951","CT39",2006,157084.445634049
"952","CT4",2006,152852.237296467
"953","CT40",2006,337.076605801277
"954","CT41",2006,878.086690056244
"955","CT42",2006,826.121969991393
"956","CT43",2006,33127.9655023392
"957","CT44",2006,672670.632731454
"958","CT45",2006,103944.343078759
"959","CT46",2006,1182.71581214452
"960","CT47",2006,674.311441510832
"961","CT48",2006,17674.5767080382
"962","CT49",2006,23407.1969703261
"963","CT5",2006,221239.698336233
"964","CT50",2006,745.266277729801
"965","CT51",2006,109.784867202438
"966","CT52",2006,25601.2094624558
"967","CT53",2006,492.786394917971
"968","CT54",2006,1929.07370847233
"969","CT55",2006,207436.562390106
"970","CT56",2006,448232.328718
"971","CT57",2006,8779.78030082282
"972","CT58",2006,379155.358564504
"973","CT59",2006,438657.676409132
"974","CT6",2006,207085.749636183
"975","CT60",2006,22776.9240755652
"976","CT61",2006,89500.4553243035
"977","CT7",2006,343.423557738727
"978","CT8",2006,18830.8832947022
"979","CT9",2006,4808.69547094521
"980","FR1",2006,456.240471661873
"981","FR10",2006,1532.63324613241
"982","FR11",2006,1997.5997014922
"983","FR12",2006,133920.105652387
"984","FR13",2006,172653.449373463
"985","FR14",2006,12309.4374694906
"986","FR15",2006,84032.2401403936
"987","FR16",2006,22732.1959861676
"988","FR17",2006,10258.3864399769
"989","FR18",2006,780.854946388097
"990","FR19",2006,11594.365147453
"991","FR2",2006,338.47533420111
"992","FR20",2006,289.33550242213
"993","FR21",2006,11267.2828652368
"994","FR22",2006,2199.38173450485
"995","FR23",2006,252.757875189493
"996","FR24",2006,5.32920706689723
"997","FR25",2006,1705.90070127732
"998","FR26",2006,61.3167050946351
"999","FR27",2006,71716.413805778
"1000","FR28",2006,31550.813828463
"1001","FR29",2006,6220.80563472184
"1002","FR3",2006,51040.0146723717
"1003","FR30",2006,24743.342211375
"1004","FR31",2006,120909.538981422
"1005","FR32",2006,32802.3956140111
"1006","FR33",2006,132657.205140277
"1007","FR34",2006,2741.57501722677
"1008","FR35",2006,240.803469037153
"1009","FR36",2006,652.551387756294
"1010","FR37",2006,1052.11287033854
"1011","FR38",2006,59198.0170109286
"1012","FR39",2006,127.505566645686
"1013","FR4",2006,30859.8440152953
"1014","FR40",2006,13417.9927317648
"1015","FR41",2006,5042.26209385746
"1016","FR42",2006,369.390570208795
"1017","FR43",2006,8073.42662466223
"1018","FR44",2006,4062.48220689235
"1019","FR45",2006,399.614927674632
"1020","FR46",2006,84350.7175065824
"1021","FR47",2006,1371.10532420528
"1022","FR48",2006,210.041064260969
"1023","FR49",2006,32584.108585087
"1024","FR5",2006,32437.4350400896
"1025","FR50",2006,36045.3730910249
"1026","FR51",2006,86663.4529532166
"1027","FR52",2006,101.894843931591
"1028","FR53",2006,14786.7968027118
"1029","FR54",2006,88321.4088512799
"1030","FR55",2006,12603.8835724958
"1031","FR56",2006,76374.2876485356
"1032","FR57",2006,13546.6638189776
"1033","FR58",2006,3085.69168961405
"1034","FR59",2006,80.653987244853
"1035","FR6",2006,332.337997320364
"1036","FR60",2006,17932.9322206734
"1037","FR61",2006,274.589050424668
"1038","FR62",2006,337.244925688809
"1039","FR63",2006,808.336444822377
"1040","FR64",2006,13570.8656092681
"1041","FR65",2006,33407.1383541691
"1042","FR66",2006,23.4976376435027
"1043","FR67",2006,32168.7055996808
"1044","FR68",2006,47890.0630723084
"1045","FR69",2006,389.75069199122
"1046","FR7",2006,110845.720944392
"1047","FR70",2006,207.49909920399
"1048","FR71",2006,2068.99343747856
"1049","FR72",2006,30896.6334859765
"1050","FR73",2006,826.628163409531
"1051","FR74",2006,4120.43140666968
"1052","FR75",2006,6479.75834869757
"1053","FR76",2006,1894.68949569261
"1054","FR77",2006,659.055585568334
"1055","FR78",2006,33785.9891355581
"1056","FR79",2006,7498.55021648494
"1057","FR8",2006,385.489400696437
"1058","FR80",2006,23543.0536744381
"1059","FR81",2006,6304.83982087024
"1060","FR82",2006,74656.453039132
"1061","FR83",2006,6836.370885625
"1062","FR84",2006,4904.16623615235
"1063","FR85",2006,212.975402950609
"1064","FR86",2006,9156.23228275507
"1065","FR87",2006,82.2699886894106
"1066","FR88",2006,2238.37603221014
"1067","FR89",2006,2905.2525782129
"1068","FR9",2006,54.256592005444
"1069","FR90",2006,2865.96733212697
"1070","FR91",2006,51280.7979163853
"1071","FR92",2006,12991.2193228662
"1072","CT1",2007,81745.7633615283
"1073","CT10",2007,32240.437544552
"1074","CT11",2007,34339.2243632022
"1075","CT12",2007,3292.47494603304
"1076","CT13",2007,127254.603766299
"1077","CT14",2007,2119.25976809244
"1078","CT15",2007,794.423502330907
"1079","CT16",2007,136460.817799768
"1080","CT17",2007,415193.769535755
"1081","CT18",2007,1670.58461022955
"1082","CT19",2007,2724.84650811211
"1083","CT2",2007,555.624736094375
"1084","CT20",2007,266.197903797872
"1085","CT21",2007,10648.1946253252
"1086","CT22",2007,47600.674435826
"1087","CT23",2007,384.321783534191
"1088","CT24",2007,14342.278747498
"1089","CT25",2007,72424.8635251421
"1090","CT26",2007,11945.8656995382
"1091","CT27",2007,2713.54538249149
"1092","CT28",2007,32980.1069843648
"1093","CT29",2007,1410.55777626374
"1094","CT3",2007,5827.35994484411
"1095","CT30",2007,32976.1910953482
"1096","CT31",2007,9010.75991404253
"1097","CT32",2007,113346.565106009
"1098","CT33",2007,81899.04267956
"1099","CT34",2007,36.2211649511446
"1100","CT35",2007,63.4448272827265
"1101","CT36",2007,961.032994624313
"1102","CT37",2007,22174.0557059166
"1103","CT38",2007,197608.827020304
"1104","CT39",2007,160048.085981293
"1105","CT4",2007,153347.04004556
"1106","CT40",2007,343.436075807693
"1107","CT41",2007,880.944237584155
"1108","CT42",2007,838.188645096293
"1109","CT43",2007,33653.0206334034
"1110","CT44",2007,683201.806708051
"1111","CT45",2007,105656.049699865
"1112","CT46",2007,1202.15005187312
"1113","CT47",2007,676.506813846164
"1114","CT48",2007,18021.5280600171
"1115","CT49",2007,23840.3978584153
"1116","CT5",2007,221927.810951135
"1117","CT50",2007,756.899707933417
"1118","CT51",2007,110.142989191865
"1119","CT52",2007,25968.5774626082
"1120","CT53",2007,503.066950262644
"1121","CT54",2007,1946.60866315888
"1122","CT55",2007,210032.972008043
"1123","CT56",2007,455399.958026049
"1124","CT57",2007,8869.6935103547
"1125","CT58",2007,382911.589002073
"1126","CT59",2007,447343.14813121
"1127","CT6",2007,208556.390356697
"1128","CT60",2007,23053.7615051822
"1129","CT61",2007,90775.2995480097
"1130","CT7",2007,345.587828445978
"1131","CT8",2007,19277.6513886361
"1132","CT9",2007,4927.27876000555
"1133","FR1",2007,464.848151347562
"1134","FR10",2007,1556.46955576669
"1135","FR11",2007,2036.91002262626
"1136","FR12",2007,136155.48618304
"1137","FR13",2007,175025.157003749
"1138","FR14",2007,12500.0171847709
"1139","FR15",2007,86105.9933026276
"1140","FR16",2007,23106.3815856003
"1141","FR17",2007,10511.5435952237
"1142","FR18",2007,792.735138820654
"1143","FR19",2007,11880.49165185
"1144","FR2",2007,339.892818581764
"1145","FR20",2007,290.756288292191
"1146","FR21",2007,11542.8865416802
"1147","FR22",2007,2240.87645894728
"1148","FR23",2007,256.70336673793
"1149","FR24",2007,5.42851558886171
"1150","FR25",2007,1747.99903519642
"1151","FR26",2007,62.4483477687549
"1152","FR27",2007,72361.1352610631
"1153","FR28",2007,31829.111473041
"1154","FR29",2007,6338.17071874186
"1155","FR3",2007,52299.5835847754
"1156","FR30",2007,25294.4051559718
"1157","FR31",2007,121700.459028803
"1158","FR32",2007,33611.4147592971
"1159","FR33",2007,135930.928539983
"1160","FR34",2007,2809.2317906533
"1161","FR35",2007,242.01686044924
"1162","FR36",2007,656.53923978612
"1163","FR37",2007,1066.05389619805
"1164","FR38",2007,60274.8580632227
"1165","FR39",2007,129.911155488932
"1166","FR4",2007,31621.405283482
"1167","FR40",2007,13748.1509784759
"1168","FR41",2007,5141.48835533479
"1169","FR42",2007,377.813984215111
"1170","FR43",2007,8272.66319260171
"1171","FR44",2007,4160.40883290238
"1172","FR45",2007,407.154279001684
"1173","FR46",2007,85942.123816136
"1174","FR47",2007,1404.94155295753
"1175","FR48",2007,214.00381245252
"1176","FR49",2007,33388.2213778793
"1177","FR5",2007,33236.1847160318
"1178","FR50",2007,36725.4246324974
"1179","FR51",2007,88298.4925787487
"1180","FR52",2007,102.696452779404
"1181","FR53",2007,15150.772889731
"1182","FR54",2007,88856.9426820219
"1183","FR55",2007,12914.9230558019
"1184","FR56",2007,77815.2335978212
"1185","FR57",2007,13880.4165507629
"1186","FR58",2007,3161.25186000037
"1187","FR59",2007,81.3836971781244
"1188","FR6",2007,337.734812557859
"1189","FR60",2007,18211.8291066825
"1190","FR61",2007,275.947785947846
"1191","FR62",2007,343.607570531539
"1192","FR63",2007,821.782114280517
"1193","FR64",2007,13905.7630853994
"1194","FR65",2007,33941.5441792266
"1195","FR66",2007,23.8734224270196
"1196","FR67",2007,32962.5670423528
"1197","FR68",2007,49071.897227223
"1198","FR69",2007,397.738600835178
"1199","FR7",2007,112863.414259378
"1200","FR70",2007,211.413889180878
"1201","FR71",2007,2087.59342534137
"1202","FR72",2007,31581.285761651
"1203","FR73",2007,842.22377766138
"1204","FR74",2007,4221.64789026313
"1205","FR75",2007,6629.75290187316
"1206","FR76",2007,1924.21993265154
"1207","FR77",2007,663.117058970822
"1208","FR78",2007,34619.7620142964
"1209","FR79",2007,7677.91004792339
"1210","FR8",2007,391.759874842769
"1211","FR80",2007,24124.0506955127
"1212","FR81",2007,6448.75161195414
"1213","FR82",2007,75824.7750475041
"1214","FR83",2007,6995.92611807344
"1215","FR84",2007,5019.25973930497
"1216","FR85",2007,216.993512224533
"1217","FR86",2007,9301.13596445178
"1218","FR87",2007,83.7382958923675
"1219","FR88",2007,2280.60644425293
"1220","FR89",2007,2959.09775595786
"1221","FR9",2007,55.1764350649576
"1222","FR90",2007,2917.6665299622
"1223","FR91",2007,51741.8057390066
"1224","FR92",2007,13310.111067827
"1225","CT1",2008,82235.9537642843
"1226","CT10",2008,33016.4427249842
"1227","CT11",2008,35165.7975548494
"1228","CT12",2008,3371.43350243197
"1229","CT13",2008,128388.41373261
"1230","CT14",2008,2138.14189563766
"1231","CT15",2008,807.317143190335
"1232","CT16",2008,139747.302975231
"1233","CT17",2008,425193.182732383
"1234","CT18",2008,1710.81851415632
"1235","CT19",2008,2790.47096865693
"1236","CT2",2008,561.2057664335
"1237","CT20",2008,271.837094300628
"1238","CT21",2008,10739.220693368
"1239","CT22",2008,48021.967874701
"1240","CT23",2008,392.270210181852
"1241","CT24",2008,14679.6737986808
"1242","CT25",2008,74143.6194589223
"1243","CT26",2008,12231.0236650421
"1244","CT27",2008,2778.65574756258
"1245","CT28",2008,33769.9188356608
"1246","CT29",2008,1415.50786672252
"1247","CT3",2008,5951.588518444
"1248","CT30",2008,33503.4110715767
"1249","CT31",2008,9162.14536567384
"1250","CT32",2008,115408.262752208
"1251","CT33",2008,83415.5825073854
"1252","CT34",2008,36.8918789414084
"1253","CT35",2008,63.9911438903399
"1254","CT36",2008,975.245441940275
"1255","CT37",2008,22525.4708678479
"1256","CT38",2008,200938.895084314
"1257","CT39",2008,163011.726328538
"1258","CT4",2008,153841.842794652
"1259","CT40",2008,349.795545814109
"1260","CT41",2008,883.801785112065
"1261","CT42",2008,850.255320201194
"1262","CT43",2008,34178.0757644677
"1263","CT44",2008,693732.980684649
"1264","CT45",2008,107367.75632097
"1265","CT46",2008,1221.58429160173
"1266","CT47",2008,678.702186181496
"1267","CT48",2008,18368.4794119959
"1268","CT49",2008,24273.5987465044
"1269","CT5",2008,222615.923566037
"1270","CT50",2008,768.533138137033
"1271","CT51",2008,110.501111181293
"1272","CT52",2008,26335.9454627605
"1273","CT53",2008,513.347505607317
"1274","CT54",2008,1964.14361784544
"1275","CT55",2008,212629.381625979
"1276","CT56",2008,462567.587334099
"1277","CT57",2008,8959.60671988658
"1278","CT58",2008,386667.819439642
"1279","CT59",2008,456028.619853289
"1280","CT6",2008,210027.031077212
"1281","CT60",2008,23330.5989347992
"1282","CT61",2008,92050.143771716
"1283","CT7",2008,347.752099153229
"1284","CT8",2008,19724.4194825701
"1285","CT9",2008,5045.86204906588
"1286","FR1",2008,473.45583103325
"1287","FR10",2008,1580.30586540096
"1288","FR11",2008,2076.22034376031
"1289","FR12",2008,138390.866713692
"1290","FR13",2008,177396.864634034
"1291","FR14",2008,12690.5969000512
"1292","FR15",2008,88179.7464648616
"1293","FR16",2008,23480.567185033
"1294","FR17",2008,10764.7007504706
"1295","FR18",2008,804.61533125321
"1296","FR19",2008,12166.6181562471
"1297","FR2",2008,341.310302962419
"1298","FR20",2008,292.177074162251
"1299","FR21",2008,11818.4902181235
"1300","FR22",2008,2282.3711833897
"1301","FR23",2008,260.648858286367
"1302","FR24",2008,5.5278241108262
"1303","FR25",2008,1790.09736911551
"1304","FR26",2008,63.5799904428746
"1305","FR27",2008,73005.8567163483
"1306","FR28",2008,32107.4091176191
"1307","FR29",2008,6455.53580276188
"1308","FR3",2008,53559.1524971791
"1309","FR30",2008,25845.4681005687
"1310","FR31",2008,122491.379076183
"1311","FR32",2008,34420.433904583
"1312","FR33",2008,139204.651939689
"1313","FR34",2008,2876.88856407984
"1314","FR35",2008,243.230251861328
"1315","FR36",2008,660.527091815945
"1316","FR37",2008,1079.99492205755
"1317","FR38",2008,61351.6991155168
"1318","FR39",2008,132.316744332177
"1319","FR4",2008,32382.9665516686
"1320","FR40",2008,14078.3092251869
"1321","FR41",2008,5240.71461681211
"1322","FR42",2008,386.237398221426
"1323","FR43",2008,8471.8997605412
"1324","FR44",2008,4258.3354589124
"1325","FR45",2008,414.693630328737
"1326","FR46",2008,87533.5301256895
"1327","FR47",2008,1438.77778170979
"1328","FR48",2008,217.96656064407
"1329","FR49",2008,34192.3341706717
"1330","FR5",2008,34034.934391974
"1331","FR50",2008,37405.47617397
"1332","FR51",2008,89933.5322042807
"1333","FR52",2008,103.498061627218
"1334","FR53",2008,15514.7489767501
"1335","FR54",2008,89392.4765127639
"1336","FR55",2008,13225.9625391081
"1337","FR56",2008,79256.1795471067
"1338","FR57",2008,14214.1692825481
"1339","FR58",2008,3236.8120303867
"1340","FR59",2008,82.1134071113957
"1341","FR6",2008,343.131627795353
"1342","FR60",2008,18490.7259926915
"1343","FR61",2008,277.306521471023
"1344","FR62",2008,349.97021537427
"1345","FR63",2008,835.227783738656
"1346","FR64",2008,14240.6605615306
"1347","FR65",2008,34475.9500042842
"1348","FR66",2008,24.2492072105366
"1349","FR67",2008,33756.4284850247
"1350","FR68",2008,50253.7313821377
"1351","FR69",2008,405.726509679137
"1352","FR7",2008,114881.107574363
"1353","FR70",2008,215.328679157766
"1354","FR71",2008,2106.19341320419
"1355","FR72",2008,32265.9380373254
"1356","FR73",2008,857.819391913229
"1357","FR74",2008,4322.86437385657
"1358","FR75",2008,6779.74745504876
"1359","FR76",2008,1953.75036961048
"1360","FR77",2008,667.17853237331
"1361","FR78",2008,35453.5348930346
"1362","FR79",2008,7857.26987936185
"1363","FR8",2008,398.0303489891
"1364","FR80",2008,24705.0477165874
"1365","FR81",2008,6592.66340303803
"1366","FR82",2008,76993.0970558762
"1367","FR83",2008,7155.48135052189
"1368","FR84",2008,5134.3532424576
"1369","FR85",2008,221.011621498457
"1370","FR86",2008,9446.03964614849
"1371","FR87",2008,85.2066030953243
"1372","FR88",2008,2322.83685629573
"1373","FR89",2008,3012.94293370283
"1374","FR9",2008,56.0962781244713
"1375","FR90",2008,2969.36572779744
"1376","FR91",2008,52202.8135616278
"1377","FR92",2008,13629.0028127879
"1378","CT1",2009,82726.1441670404
"1379","CT10",2009,33792.4479054163
"1380","CT11",2009,35992.3707464967
"1381","CT12",2009,3450.39205883089
"1382","CT13",2009,129522.223698922
"1383","CT14",2009,2157.02402318289
"1384","CT15",2009,820.210784049762
"1385","CT16",2009,143033.788150693
"1386","CT17",2009,435192.595929012
"1387","CT18",2009,1751.05241808308
"1388","CT19",2009,2856.09542920176
"1389","CT2",2009,566.786796772626
"1390","CT20",2009,277.476284803383
"1391","CT21",2009,10830.2467614108
"1392","CT22",2009,48443.2613135759
"1393","CT23",2009,400.218636829512
"1394","CT24",2009,15017.0688498636
"1395","CT25",2009,75862.3753927024
"1396","CT26",2009,12516.181630546
"1397","CT27",2009,2843.76611263368
"1398","CT28",2009,34559.7306869568
"1399","CT29",2009,1420.45795718129
"1400","CT3",2009,6075.81709204388
"1401","CT30",2009,34030.6310478052
"1402","CT31",2009,9313.53081730515
"1403","CT32",2009,117469.960398407
"1404","CT33",2009,84932.1223352108
"1405","CT34",2009,37.5625929316721
"1406","CT35",2009,64.5374604979532
"1407","CT36",2009,989.457889256238
"1408","CT37",2009,22876.8860297791
"1409","CT38",2009,204268.963148325
"1410","CT39",2009,165975.366675782
"1411","CT4",2009,154336.645543745
"1412","CT40",2009,356.155015820525
"1413","CT41",2009,886.659332639975
"1414","CT42",2009,862.321995306094
"1415","CT43",2009,34703.1308955319
"1416","CT44",2009,704264.154661246
"1417","CT45",2009,109079.462942076
"1418","CT46",2009,1241.01853133033
"1419","CT47",2009,680.897558516828
"1420","CT48",2009,18715.4307639748
"1421","CT49",2009,24706.7996345936
"1422","CT5",2009,223304.036180939
"1423","CT50",2009,780.16656834065
"1424","CT51",2009,110.85923317072
"1425","CT52",2009,26703.3134629129
"1426","CT53",2009,523.62806095199
"1427","CT54",2009,1981.67857253199
"1428","CT55",2009,215225.791243916
"1429","CT56",2009,469735.216642148
"1430","CT57",2009,9049.51992941846
"1431","CT58",2009,390424.049877211
"1432","CT59",2009,464714.091575367
"1433","CT6",2009,211497.671797726
"1434","CT60",2009,23607.4363644162
"1435","CT61",2009,93324.9879954222
"1436","CT7",2009,349.91636986048
"1437","CT8",2009,20171.187576504
"1438","CT9",2009,5164.44533812622
"1439","FR1",2009,482.063510718939
"1440","FR10",2009,1604.14217503524
"1441","FR11",2009,2115.53066489437
"1442","FR12",2009,140626.247244345
"1443","FR13",2009,179768.57226432
"1444","FR14",2009,12881.1766153315
"1445","FR15",2009,90253.4996270956
"1446","FR16",2009,23854.7527844657
"1447","FR17",2009,11017.8579057174
"1448","FR18",2009,816.495523685767
"1449","FR19",2009,12452.7446606441
"1450","FR2",2009,342.727787343073
"1451","FR20",2009,293.597860032312
"1452","FR21",2009,12094.0938945669
"1453","FR22",2009,2323.86590783213
"1454","FR23",2009,264.594349834804
"1455","FR24",2009,5.62713263279068
"1456","FR25",2009,1832.19570303461
"1457","FR26",2009,64.7116331169944
"1458","FR27",2009,73650.5781716334
"1459","FR28",2009,32385.7067621971
"1460","FR29",2009,6572.90088678191
"1461","FR3",2009,54818.7214095828
"1462","FR30",2009,26396.5310451655
"1463","FR31",2009,123282.299123564
"1464","FR32",2009,35229.453049869
"1465","FR33",2009,142478.375339395
"1466","FR34",2009,2944.54533750637
"1467","FR35",2009,244.443643273415
"1468","FR36",2009,664.514943845771
"1469","FR37",2009,1093.93594791706
"1470","FR38",2009,62428.5401678109
"1471","FR39",2009,134.722333175423
"1472","FR4",2009,33144.5278198553
"1473","FR40",2009,14408.467471898
"1474","FR41",2009,5339.94087828943
"1475","FR42",2009,394.660812227742
"1476","FR43",2009,8671.13632848068
"1477","FR44",2009,4356.26208492243
"1478","FR45",2009,422.232981655789
"1479","FR46",2009,89124.9364352431
"1480","FR47",2009,1472.61401046204
"1481","FR48",2009,221.929308835621
"1482","FR49",2009,34996.446963464
"1483","FR5",2009,34833.6840679162
"1484","FR50",2009,38085.5277154425
"1485","FR51",2009,91568.5718298127
"1486","FR52",2009,104.299670475031
"1487","FR53",2009,15878.7250637693
"1488","FR54",2009,89928.0103435059
"1489","FR55",2009,13537.0020224142
"1490","FR56",2009,80697.1254963923
"1491","FR57",2009,14547.9220143334
"1492","FR58",2009,3312.37220077302
"1493","FR59",2009,82.843117044667
"1494","FR6",2009,348.528443032848
"1495","FR60",2009,18769.6228787006
"1496","FR61",2009,278.665256994201
"1497","FR62",2009,356.332860217
"1498","FR63",2009,848.673453196796
"1499","FR64",2009,14575.5580376619
"1500","FR65",2009,35010.3558293417
"1501","FR66",2009,24.6249919940535
"1502","FR67",2009,34550.2899276967
"1503","FR68",2009,51435.5655370523
"1504","FR69",2009,413.714418523096
"1505","FR7",2009,116898.800889349
"1506","FR70",2009,219.243469134654
"1507","FR71",2009,2124.793401067
"1508","FR72",2009,32950.5903129999
"1509","FR73",2009,873.415006165078
"1510","FR74",2009,4424.08085745002
"1511","FR75",2009,6929.74200822435
"1512","FR76",2009,1983.28080656941
"1513","FR77",2009,671.240005775798
"1514","FR78",2009,36287.3077717729
"1515","FR79",2009,8036.6297108003
"1516","FR8",2009,404.300823135432
"1517","FR80",2009,25286.044737662
"1518","FR81",2009,6736.57519412193
"1519","FR82",2009,78161.4190642483
"1520","FR83",2009,7315.03658297033
"1521","FR84",2009,5249.44674561022
"1522","FR85",2009,225.029730772381
"1523","FR86",2009,9590.94332784521
"1524","FR87",2009,86.6749102982811
"1525","FR88",2009,2365.06726833852
"1526","FR89",2009,3066.78811144779
"1527","FR9",2009,57.0161211839849
"1528","FR90",2009,3021.06492563267
"1529","FR91",2009,52663.8213842491
"1530","FR92",2009,13947.8945577487
"1531","CT1",2010,83216.3345697965
"1532","CT10",2010,34568.4530858485
"1533","CT11",2010,36818.943938144
"1534","CT12",2010,3529.35061522981
"1535","CT13",2010,130656.033665234
"1536","CT14",2010,2175.90615072812
"1537","CT15",2010,833.10442490919
"1538","CT16",2010,146320.273326155
"1539","CT17",2010,445192.00912564
"1540","CT18",2010,1791.28632200985
"1541","CT19",2010,2921.71988974659
"1542","CT2",2010,572.367827111751
"1543","CT20",2010,283.115475306138
"1544","CT21",2010,10921.2728294536
"1545","CT22",2010,48864.5547524508
"1546","CT23",2010,408.167063477172
"1547","CT24",2010,15354.4639010464
"1548","CT25",2010,77581.1313264825
"1549","CT26",2010,12801.3395960499
"1550","CT27",2010,2908.87647770477
"1551","CT28",2010,35349.5425382528
"1552","CT29",2010,1425.40804764006
"1553","CT3",2010,6200.04566564377
"1554","CT30",2010,34557.8510240337
"1555","CT31",2010,9464.91626893647
"1556","CT32",2010,119531.658044606
"1557","CT33",2010,86448.6621630362
"1558","CT34",2010,38.2333069219359
"1559","CT35",2010,65.0837771055666
"1560","CT36",2010,1003.6703365722
"1561","CT37",2010,23228.3011917104
"1562","CT38",2010,207599.031212336
"1563","CT39",2010,168939.007023027
"1564","CT4",2010,154831.448292838
"1565","CT40",2010,362.514485826941
"1566","CT41",2010,889.516880167886
"1567","CT42",2010,874.388670410994
"1568","CT43",2010,35228.1860265961
"1569","CT44",2010,714795.328637843
"1570","CT45",2010,110791.169563181
"1571","CT46",2010,1260.45277105894
"1572","CT47",2010,683.09293085216
"1573","CT48",2010,19062.3821159537
"1574","CT49",2010,25140.0005226827
"1575","CT5",2010,223992.148795841
"1576","CT50",2010,791.799998544266
"1577","CT51",2010,111.217355160148
"1578","CT52",2010,27070.6814630653
"1579","CT53",2010,533.908616296663
"1580","CT54",2010,1999.21352721854
"1581","CT55",2010,217822.200861853
"1582","CT56",2010,476902.845950197
"1583","CT57",2010,9139.43313895034
"1584","CT58",2010,394180.28031478
"1585","CT59",2010,473399.563297445
"1586","CT6",2010,212968.31251824
"1587","CT60",2010,23884.2737940332
"1588","CT61",2010,94599.8322191285
"1589","CT7",2010,352.080640567731
"1590","CT8",2010,20617.9556704379
"1591","CT9",2010,5283.02862718656
"1592","FR1",2010,490.671190404627
"1593","FR10",2010,1627.97848466951
"1594","FR11",2010,2154.84098602843
"1595","FR12",2010,142861.627774998
"1596","FR13",2010,182140.279894605
"1597","FR14",2010,13071.7563306118
"1598","FR15",2010,92327.2527893296
"1599","FR16",2010,24228.9383838984
"1600","FR17",2010,11271.0150609643
"1601","FR18",2010,828.375716118323
"1602","FR19",2010,12738.8711650412
"1603","FR2",2010,344.145271723728
"1604","FR20",2010,295.018645902372
"1605","FR21",2010,12369.6975710103
"1606","FR22",2010,2365.36063227456
"1607","FR23",2010,268.539841383241
"1608","FR24",2010,5.72644115475517
"1609","FR25",2010,1874.29403695371
"1610","FR26",2010,65.8432757911141
"1611","FR27",2010,74295.2996269185
"1612","FR28",2010,32664.0044067752
"1613","FR29",2010,6690.26597080193
"1614","FR3",2010,56078.2903219865
"1615","FR30",2010,26947.5939897623
"1616","FR31",2010,124073.219170944
"1617","FR32",2010,36038.472195155
"1618","FR33",2010,145752.098739101
"1619","FR34",2010,3012.2021109329
"1620","FR35",2010,245.657034685503
"1621","FR36",2010,668.502795875596
"1622","FR37",2010,1107.87697377657
"1623","FR38",2010,63505.381220105
"1624","FR39",2010,137.127922018669
"1625","FR4",2010,33906.0890880419
"1626","FR40",2010,14738.6257186091
"1627","FR41",2010,5439.16713976676
"1628","FR42",2010,403.084226234057
"1629","FR43",2010,8870.37289642017
"1630","FR44",2010,4454.18871093246
"1631","FR45",2010,429.772332982841
"1632","FR46",2010,90716.3427447966
"1633","FR47",2010,1506.45023921429
"1634","FR48",2010,225.892057027172
"1635","FR49",2010,35800.5597562563
"1636","FR5",2010,35632.4337438584
"1637","FR50",2010,38765.5792569151
"1638","FR51",2010,93203.6114553448
"1639","FR52",2010,105.101279322844
"1640","FR53",2010,16242.7011507884
"1641","FR54",2010,90463.5441742479
"1642","FR55",2010,13848.0415057204
"1643","FR56",2010,82138.0714456778
"1644","FR57",2010,14881.6747461186
"1645","FR58",2010,3387.93237115935
"1646","FR59",2010,83.5728269779383
"1647","FR6",2010,353.925258270342
"1648","FR60",2010,19048.5197647097
"1649","FR61",2010,280.023992517378
"1650","FR62",2010,362.69550505973
"1651","FR63",2010,862.119122654935
"1652","FR64",2010,14910.4555137931
"1653","FR65",2010,35544.7616543993
"1654","FR66",2010,25.0007767775704
"1655","FR67",2010,35344.1513703686
"1656","FR68",2010,52617.399691967
"1657","FR69",2010,421.702327367054
"1658","FR7",2010,118916.494204334
"1659","FR70",2010,223.158259111542
"1660","FR71",2010,2143.39338892981
"1661","FR72",2010,33635.2425886743
"1662","FR73",2010,889.010620416927
"1663","FR74",2010,4525.29734104346
"1664","FR75",2010,7079.73656139995
"1665","FR76",2010,2012.81124352834
"1666","FR77",2010,675.301479178286
"1667","FR78",2010,37121.0806505112
"1668","FR79",2010,8215.98954223875
"1669","FR8",2010,410.571297281763
"1670","FR80",2010,25867.0417587366
"1671","FR81",2010,6880.48698520582
"1672","FR82",2010,79329.7410726204
"1673","FR83",2010,7474.59181541877
"1674","FR84",2010,5364.54024876284
"1675","FR85",2010,229.047840046305
"1676","FR86",2010,9735.84700954192
"1677","FR87",2010,88.143217501238
"1678","FR88",2010,2407.29768038132
"1679","FR89",2010,3120.63328919275
"1680","FR9",2010,57.9359642434985
"1681","FR90",2010,3072.7641234679
"1682","FR91",2010,53124.8292068703
"1683","FR92",2010,14266.7863027096
"1684","CT1",2011,83721.400505409
"1685","CT10",2011,35442.6250283103
"1686","CT11",2011,37750.0816091538
"1687","CT12",2011,3618.26619971735
"1688","CT13",2011,131841.269942248
"1689","CT14",2011,2195.64471802861
"1690","CT15",2011,847.331966131031
"1691","CT16",2011,150022.539833447
"1692","CT17",2011,456456.472683866
"1693","CT18",2011,1836.61031391614
"1694","CT19",2011,2995.64665856841
"1695","CT2",2011,578.307485868
"1696","CT20",2011,289.394203824863
"1697","CT21",2011,11016.3632555214
"1698","CT22",2011,49304.9096927387
"1699","CT23",2011,417.048083980773
"1700","CT24",2011,15733.7340024142
"1701","CT25",2011,79514.7550011322
"1702","CT26",2011,13122.3167069036
"1703","CT27",2011,2982.21110042589
"1704","CT28",2011,36238.8543883301
"1705","CT29",2011,1430.46706378173
"1706","CT3",2011,6339.6182027201
"1707","CT30",2011,35128.7758489451
"1708","CT31",2011,9629.46185635078
"1709","CT32",2011,121788.223115747
"1710","CT33",2011,88111.0122645885
"1711","CT34",2011,38.9685080731822
"1712","CT35",2011,65.6719657689105
"1713","CT36",2011,1018.99883295852
"1714","CT37",2011,23608.5307214984
"1715","CT38",2011,211220.913446525
"1716","CT39",2011,172187.591364471
"1717","CT4",2011,155336.435479458
"1718","CT40",2011,369.485397749001
"1719","CT41",2011,892.42107546399
"1720","CT42",2011,887.43173342512
"1721","CT43",2011,35795.7309316758
"1722","CT44",2011,726164.835470514
"1723","CT45",2011,112647.299718783
"1724","CT46",2011,1281.52284836177
"1725","CT47",2011,685.324227249673
"1726","CT48",2011,19444.1497109291
"1727","CT49",2011,25614.8988254643
"1728","CT5",2011,224691.000030865
"1729","CT50",2011,804.355805278704
"1730","CT51",2011,111.581390542669
"1731","CT52",2011,27464.9004052644
"1732","CT53",2011,545.284801209309
"1733","CT54",2011,2017.61965930094
"1734","CT55",2011,220640.217788851
"1735","CT56",2011,484668.479014661
"1736","CT57",2011,9233.99858436137
"1737","CT58",2011,398127.800902486
"1738","CT59",2011,482965.679967712
"1739","CT6",2011,214493.683195589
"1740","CT60",2011,24178.7760884959
"1741","CT61",2011,95969.2561729558
"1742","CT7",2011,354.314810827268
"1743","CT8",2011,21120.6604295214
"1744","CT9",2011,5416.61016652668
"1745","FR1",2011,500.106470146228
"1746","FR10",2011,1653.70298090797
"1747","FR11",2011,2198.14903920365
"1748","FR12",2011,145315.703146099
"1749","FR13",2011,184728.994410937
"1750","FR14",2011,13277.4192696425
"1751","FR15",2011,94663.3615711031
"1752","FR16",2011,24634.6702512212
"1753","FR17",2011,11556.1997181004
"1754","FR18",2011,841.415236132112
"1755","FR19",2011,13061.1962089082
"1756","FR2",2011,345.616377065354
"1757","FR20",2011,296.508850092297
"1758","FR21",2011,12679.9269042912
"1759","FR22",2011,2410.84494295455
"1760","FR23",2011,272.798156570608
"1761","FR24",2011,5.83527729065447
"1762","FR25",2011,1921.71833209637
"1763","FR26",2011,67.0816865060694
"1764","FR27",2011,74969.2637974751
"1765","FR28",2011,32954.8363026762
"1766","FR29",2011,6818.91532610725
"1767","FR3",2011,57497.2102621529
"1768","FR30",2011,27562.5044703553
"1769","FR31",2011,124890.947823705
"1770","FR32",2011,36949.8347177592
"1771","FR33",2011,149439.988819636
"1772","FR34",2011,3088.41831297783
"1773","FR35",2011,246.931688048664
"1774","FR36",2011,672.613996110961
"1775","FR37",2011,1123.19372415966
"1776","FR38",2011,64682.5228203458
"1777","FR39",2011,139.764800657154
"1778","FR4",2011,34763.9974071047
"1779","FR40",2011,15110.4572712979
"1780","FR41",2011,5548.46186609734
"1781","FR42",2011,412.526021069838
"1782","FR43",2011,9094.81534785461
"1783","FR44",2011,4564.27483001845
"1784","FR45",2011,438.0365685142
"1785","FR46",2011,92460.7575008726
"1786","FR47",2011,1544.56717212721
"1787","FR48",2011,230.235810952423
"1788","FR49",2011,36706.4028883238
"1789","FR5",2011,36532.2073959904
"1790","FR50",2011,39511.0154973744
"1791","FR51",2011,94995.8547191018
"1792","FR52",2011,105.961311955223
"1793","FR53",2011,16652.6813582142
"1794","FR54",2011,91015.4537071698
"1795","FR55",2011,14198.4313347888
"1796","FR56",2011,83717.5630864178
"1797","FR57",2011,15257.5968476286
"1798","FR58",2011,3473.03266419818
"1799","FR59",2011,84.3595193451917
"1800","FR6",2011,359.770390224881
"1801","FR60",2011,19349.5122703042
"1802","FR61",2011,281.449777054284
"1803","FR62",2011,369.66989781851
"1804","FR63",2011,876.963438740764
"1805","FR64",2011,15287.721154456
"1806","FR65",2011,36122.6814028604
"1807","FR66",2011,25.411568650299
"1808","FR67",2011,36238.4462301841
"1809","FR68",2011,53948.7504964741
"1810","FR69",2011,430.616238120092
"1811","FR7",2011,121136.254069419
"1812","FR70",2011,227.449443607722
"1813","FR71",2011,2162.83701893743
"1814","FR72",2011,34398.8407912351
"1815","FR73",2011,906.105702700849
"1816","FR74",2011,4639.30228425934
"1817","FR75",2011,7248.40449741334
"1818","FR76",2011,2044.68215976918
"1819","FR77",2011,679.490104426656
"1820","FR78",2011,38060.3362341527
"1821","FR79",2011,8417.84576717902
"1822","FR8",2011,417.363652604281
"1823","FR80",2011,26521.5422227186
"1824","FR81",2011,7042.28323463101
"1825","FR82",2011,80590.9836031152
"1826","FR83",2011,7654.03459393596
"1827","FR84",2011,5493.96245479917
"1828","FR85",2011,233.452277702557
"1829","FR86",2011,9892.45387541524
"1830","FR87",2011,89.7459223716083
"1831","FR88",2011,2453.58841224239
"1832","FR89",2011,3179.63324099492
"1833","FR9",2011,58.9358599303231
"1834","FR90",2011,3129.24237035614
"1835","FR91",2011,53606.7470455623
"1836","FR92",2011,14625.8535838911
"1837","CT1",2012,84226.4664410215
"1838","CT10",2012,36316.7969707722
"1839","CT11",2012,38681.2192801636
"1840","CT12",2012,3707.18178420488
"1841","CT13",2012,133026.506219262
"1842","CT14",2012,2215.38328532911
"1843","CT15",2012,861.559507352872
"1844","CT16",2012,153724.806340739
"1845","CT17",2012,467720.936242091
"1846","CT18",2012,1881.93430582243
"1847","CT19",2012,3069.57342739023
"1848","CT2",2012,584.247144624248
"1849","CT20",2012,295.672932343587
"1850","CT21",2012,11111.4536815892
"1851","CT22",2012,49745.2646330266
"1852","CT23",2012,425.929104484373
"1853","CT24",2012,16113.0041037821
"1854","CT25",2012,81448.378675782
"1855","CT26",2012,13443.2938177572
"1856","CT27",2012,3055.545723147
"1857","CT28",2012,37128.1662384073
"1858","CT29",2012,1435.52607992341
"1859","CT3",2012,6479.19073979643
"1860","CT30",2012,35699.7006738565
"1861","CT31",2012,9794.00744376508
"1862","CT32",2012,124044.788186888
"1863","CT33",2012,89773.3623661408
"1864","CT34",2012,39.7037092244285
"1865","CT35",2012,66.2601544322544
"1866","CT36",2012,1034.32732934485
"1867","CT37",2012,23988.7602512865
"1868","CT38",2012,214842.795680715
"1869","CT39",2012,175436.175705915
"1870","CT4",2012,155841.422666078
"1871","CT40",2012,376.45630967106
"1872","CT41",2012,895.325270760093
"1873","CT42",2012,900.474796439245
"1874","CT43",2012,36363.2758367554
"1875","CT44",2012,737534.342303185
"1876","CT45",2012,114503.429874385
"1877","CT46",2012,1302.5929256646
"1878","CT47",2012,687.555523647186
"1879","CT48",2012,19825.9173059044
"1880","CT49",2012,26089.7971282459
"1881","CT5",2012,225389.851265889
"1882","CT50",2012,816.911612013142
"1883","CT51",2012,111.94542592519
"1884","CT52",2012,27859.1193474635
"1885","CT53",2012,556.660986121954
"1886","CT54",2012,2036.02579138334
"1887","CT55",2012,223458.234715849
"1888","CT56",2012,492434.112079125
"1889","CT57",2012,9328.5640297724
"1890","CT58",2012,402075.321490193
"1891","CT59",2012,492531.79663798
"1892","CT6",2012,216019.053872939
"1893","CT60",2012,24473.2783829586
"1894","CT61",2012,97338.6801267831
"1895","CT7",2012,356.548981086805
"1896","CT8",2012,21623.3651886049
"1897","CT9",2012,5550.1917058668
"1898","FR1",2012,509.541749887829
"1899","FR10",2012,1679.42747714642
"1900","FR11",2012,2241.45709237888
"1901","FR12",2012,147769.7785172
"1902","FR13",2012,187317.708927269
"1903","FR14",2012,13483.0822086731
"1904","FR15",2012,96999.4703528766
"1905","FR16",2012,25040.4021185441
"1906","FR17",2012,11841.3843752366
"1907","FR18",2012,854.454756145901
"1908","FR19",2012,13383.5212527752
"1909","FR2",2012,347.087482406981
"1910","FR20",2012,297.999054282223
"1911","FR21",2012,12990.1562375721
"1912","FR22",2012,2456.32925363453
"1913","FR23",2012,277.056471757975
"1914","FR24",2012,5.94411342655377
"1915","FR25",2012,1969.14262723902
"1916","FR26",2012,68.3200972210247
"1917","FR27",2012,75643.2279680318
"1918","FR28",2012,33245.6681985772
"1919","FR29",2012,6947.56468141256
"1920","FR3",2012,58916.1302023192
"1921","FR30",2012,28177.4149509482
"1922","FR31",2012,125708.676476466
"1923","FR32",2012,37861.1972403634
"1924","FR33",2012,153127.878900172
"1925","FR34",2012,3164.63451502276
"1926","FR35",2012,248.206341411826
"1927","FR36",2012,676.725196346326
"1928","FR37",2012,1138.51047454274
"1929","FR38",2012,65859.6644205865
"1930","FR39",2012,142.401679295639
"1931","FR4",2012,35621.9057261675
"1932","FR40",2012,15482.2888239867
"1933","FR41",2012,5657.75659242792
"1934","FR42",2012,421.967815905619
"1935","FR43",2012,9319.25779928906
"1936","FR44",2012,4674.36094910444
"1937","FR45",2012,446.300804045559
"1938","FR46",2012,94205.1722569485
"1939","FR47",2012,1582.68410504013
"1940","FR48",2012,234.579564877675
"1941","FR49",2012,37612.2460203912
"1942","FR5",2012,37431.9810481225
"1943","FR50",2012,40256.4517378338
"1944","FR51",2012,96788.0979828589
"1945","FR52",2012,106.821344587602
"1946","FR53",2012,17062.66156564
"1947","FR54",2012,91567.3632400918
"1948","FR55",2012,14548.8211638573
"1949","FR56",2012,85297.0547271578
"1950","FR57",2012,15633.5189491385
"1951","FR58",2012,3558.13295723701
"1952","FR59",2012,85.146211712445
"1953","FR6",2012,365.61552217942
"1954","FR60",2012,19650.5047758987
"1955","FR61",2012,282.875561591191
"1956","FR62",2012,376.64429057729
"1957","FR63",2012,891.807754826593
"1958","FR64",2012,15664.986795119
"1959","FR65",2012,36700.6011513215
"1960","FR66",2012,25.8223605230276
"1961","FR67",2012,37132.7410899996
"1962","FR68",2012,55280.1013009813
"1963","FR69",2012,439.53014887313
"1964","FR7",2012,123356.013934505
"1965","FR70",2012,231.740628103901
"1966","FR71",2012,2182.28064894506
"1967","FR72",2012,35162.4389937959
"1968","FR73",2012,923.200784984772
"1969","FR74",2012,4753.30722747522
"1970","FR75",2012,7417.07243342673
"1971","FR76",2012,2076.55307601002
"1972","FR77",2012,683.678729675027
"1973","FR78",2012,38999.5918177943
"1974","FR79",2012,8619.70199211929
"1975","FR8",2012,424.156007926799
"1976","FR80",2012,27176.0426867007
"1977","FR81",2012,7204.0794840562
"1978","FR82",2012,81852.22613361
"1979","FR83",2012,7833.47737245316
"1980","FR84",2012,5623.3846608355
"1981","FR85",2012,237.856715358809
"1982","FR86",2012,10049.0607412886
"1983","FR87",2012,91.3486272419785
"1984","FR88",2012,2499.87914410346
"1985","FR89",2012,3238.6331927971
"1986","FR9",2012,59.9357556171477
"1987","FR90",2012,3185.72061724439
"1988","FR91",2012,54088.6648842543
"1989","FR92",2012,14984.9208650727
"1990","CT1",2013,84731.5323766339
"1991","CT10",2013,37190.968913234
"1992","CT11",2013,39612.3569511734
"1993","CT12",2013,3796.09736869242
"1994","CT13",2013,134211.742496276
"1995","CT14",2013,2235.1218526296
"1996","CT15",2013,875.787048574713
"1997","CT16",2013,157427.07284803
"1998","CT17",2013,478985.399800317
"1999","CT18",2013,1927.25829772871
"2000","CT19",2013,3143.50019621204
"2001","CT2",2013,590.186803380497
"2002","CT20",2013,301.951660862312
"2003","CT21",2013,11206.5441076569
"2004","CT22",2013,50185.6195733146
"2005","CT23",2013,434.810124987974
"2006","CT24",2013,16492.2742051499
"2007","CT25",2013,83382.0023504317
"2008","CT26",2013,13764.2709286109
"2009","CT27",2013,3128.88034586812
"2010","CT28",2013,38017.4780884846
"2011","CT29",2013,1440.58509606508
"2012","CT3",2013,6618.76327687276
"2013","CT30",2013,36270.6254987679
"2014","CT31",2013,9958.55303117939
"2015","CT32",2013,126301.35325803
"2016","CT33",2013,91435.7124676932
"2017","CT34",2013,40.4389103756749
"2018","CT35",2013,66.8483430955983
"2019","CT36",2013,1049.65582573117
"2020","CT37",2013,24368.9897810745
"2021","CT38",2013,218464.677914904
"2022","CT39",2013,178684.760047359
"2023","CT4",2013,156346.409852698
"2024","CT40",2013,383.42722159312
"2025","CT41",2013,898.229466056197
"2026","CT42",2013,913.517859453371
"2027","CT43",2013,36930.8207418351
"2028","CT44",2013,748903.849135857
"2029","CT45",2013,116359.560029988
"2030","CT46",2013,1323.66300296742
"2031","CT47",2013,689.786820044699
"2032","CT48",2013,20207.6849008798
"2033","CT49",2013,26564.6954310274
"2034","CT5",2013,226088.702500912
"2035","CT50",2013,829.46741874758
"2036","CT51",2013,112.30946130771
"2037","CT52",2013,28253.3382896626
"2038","CT53",2013,568.0371710346
"2039","CT54",2013,2054.43192346574
"2040","CT55",2013,226276.251642846
"2041","CT56",2013,500199.745143588
"2042","CT57",2013,9423.12947518342
"2043","CT58",2013,406022.842077899
"2044","CT59",2013,502097.913308247
"2045","CT6",2013,217544.424550288
"2046","CT60",2013,24767.7806774214
"2047","CT61",2013,98708.1040806104
"2048","CT7",2013,358.783151346341
"2049","CT8",2013,22126.0699476883
"2050","CT9",2013,5683.77324520692
"2051","FR1",2013,518.977029629429
"2052","FR10",2013,1705.15197338488
"2053","FR11",2013,2284.7651455541
"2054","FR12",2013,150223.853888302
"2055","FR13",2013,189906.423443602
"2056","FR14",2013,13688.7451477038
"2057","FR15",2013,99335.57913465
"2058","FR16",2013,25446.1339858669
"2059","FR17",2013,12126.5690323727
"2060","FR18",2013,867.49427615969
"2061","FR19",2013,13705.8462966423
"2062","FR2",2013,348.558587748607
"2063","FR20",2013,299.489258472148
"2064","FR21",2013,13300.3855708531
"2065","FR22",2013,2501.81356431452
"2066","FR23",2013,281.314786945341
"2067","FR24",2013,6.05294956245308
"2068","FR25",2013,2016.56692238168
"2069","FR26",2013,69.5585079359801
"2070","FR27",2013,76317.1921385884
"2071","FR28",2013,33536.5000944783
"2072","FR29",2013,7076.21403671788
"2073","FR3",2013,60335.0501424856
"2074","FR30",2013,28792.3254315412
"2075","FR31",2013,126526.405129226
"2076","FR32",2013,38772.5597629676
"2077","FR33",2013,156815.768980707
"2078","FR34",2013,3240.8507170677
"2079","FR35",2013,249.480994774987
"2080","FR36",2013,680.83639658169
"2081","FR37",2013,1153.82722492583
"2082","FR38",2013,67036.8060208273
"2083","FR39",2013,145.038557934124
"2084","FR4",2013,36479.8140452302
"2085","FR40",2013,15854.1203766755
"2086","FR41",2013,5767.05131875849
"2087","FR42",2013,431.409610741401
"2088","FR43",2013,9543.7002507235
"2089","FR44",2013,4784.44706819043
"2090","FR45",2013,454.565039576919
"2091","FR46",2013,95949.5870130245
"2092","FR47",2013,1620.80103795304
"2093","FR48",2013,238.923318802926
"2094","FR49",2013,38518.0891524587
"2095","FR5",2013,38331.7547002545
"2096","FR50",2013,41001.8879782931
"2097","FR51",2013,98580.3412466159
"2098","FR52",2013,107.68137721998
"2099","FR53",2013,17472.6417730657
"2100","FR54",2013,92119.2727730137
"2101","FR55",2013,14899.2109929257
"2102","FR56",2013,86876.5463678978
"2103","FR57",2013,16009.4410506485
"2104","FR58",2013,3643.23325027584
"2105","FR59",2013,85.9329040796984
"2106","FR6",2013,371.46065413396
"2107","FR60",2013,19951.4972814931
"2108","FR61",2013,284.301346128097
"2109","FR62",2013,383.618683336071
"2110","FR63",2013,906.652070912423
"2111","FR64",2013,16042.2524357819
"2112","FR65",2013,37278.5208997826
"2113","FR66",2013,26.2331523957563
"2114","FR67",2013,38027.0359498152
"2115","FR68",2013,56611.4521054884
"2116","FR69",2013,448.444059626167
"2117","FR7",2013,125575.77379959
"2118","FR70",2013,236.031812600081
"2119","FR71",2013,2201.72427895268
"2120","FR72",2013,35926.0371963568
"2121","FR73",2013,940.295867268694
"2122","FR74",2013,4867.3121706911
"2123","FR75",2013,7585.74036944013
"2124","FR76",2013,2108.42399225086
"2125","FR77",2013,687.867354923397
"2126","FR78",2013,39938.8474014358
"2127","FR79",2013,8821.55821705956
"2128","FR8",2013,430.948363249316
"2129","FR80",2013,27830.5431506827
"2130","FR81",2013,7365.87573348138
"2131","FR82",2013,83113.4686641048
"2132","FR83",2013,8012.92015097035
"2133","FR84",2013,5752.80686687184
"2134","FR85",2013,242.26115301506
"2135","FR86",2013,10205.6676071619
"2136","FR87",2013,92.9513321123488
"2137","FR88",2013,2546.16987596452
"2138","FR89",2013,3297.63314459927
"2139","FR9",2013,60.9356513039723
"2140","FR90",2013,3242.19886413263
"2141","FR91",2013,54570.5827229464
"2142","FR92",2013,15343.9881462542
"2143","CT1",2014,85236.5983122464
"2144","CT10",2014,38065.1408556959
"2145","CT11",2014,40543.4946221832
"2146","CT12",2014,3885.01295317995
"2147","CT13",2014,135396.97877329
"2148","CT14",2014,2254.8604199301
"2149","CT15",2014,890.014589796553
"2150","CT16",2014,161129.339355322
"2151","CT17",2014,490249.863358542
"2152","CT18",2014,1972.582289635
"2153","CT19",2014,3217.42696503386
"2154","CT2",2014,596.126462136745
"2155","CT20",2014,308.230389381037
"2156","CT21",2014,11301.6345337247
"2157","CT22",2014,50625.9745136025
"2158","CT23",2014,443.691145491574
"2159","CT24",2014,16871.5443065178
"2160","CT25",2014,85315.6260250815
"2161","CT26",2014,14085.2480394645
"2162","CT27",2014,3202.21496858923
"2163","CT28",2014,38906.7899385618
"2164","CT29",2014,1445.64411220676
"2165","CT3",2014,6758.33581394908
"2166","CT30",2014,36841.5503236793
"2167","CT31",2014,10123.0986185937
"2168","CT32",2014,128557.918329171
"2169","CT33",2014,93098.0625692455
"2170","CT34",2014,41.1741115269212
"2171","CT35",2014,67.4365317589423
"2172","CT36",2014,1064.9843221175
"2173","CT37",2014,24749.2193108626
"2174","CT38",2014,222086.560149094
"2175","CT39",2014,181933.344388803
"2176","CT4",2014,156851.397039318
"2177","CT40",2014,390.398133515179
"2178","CT41",2014,901.1336613523
"2179","CT42",2014,926.560922467496
"2180","CT43",2014,37498.3656469147
"2181","CT44",2014,760273.355968528
"2182","CT45",2014,118215.69018559
"2183","CT46",2014,1344.73308027025
"2184","CT47",2014,692.018116442212
"2185","CT48",2014,20589.4524958551
"2186","CT49",2014,27039.593733809
"2187","CT5",2014,226787.553735936
"2188","CT50",2014,842.023225482018
"2189","CT51",2014,112.673496690231
"2190","CT52",2014,28647.5572318617
"2191","CT53",2014,579.413355947245
"2192","CT54",2014,2072.83805554814
"2193","CT55",2014,229094.268569844
"2194","CT56",2014,507965.378208052
"2195","CT57",2014,9517.69492059445
"2196","CT58",2014,409970.362665606
"2197","CT59",2014,511664.029978515
"2198","CT6",2014,219069.795227638
"2199","CT60",2014,25062.2829718841
"2200","CT61",2014,100077.528034438
"2201","CT7",2014,361.017321605878
"2202","CT8",2014,22628.7747067718
"2203","CT9",2014,5817.35478454705
"2204","FR1",2014,528.41230937103
"2205","FR10",2014,1730.87646962333
"2206","FR11",2014,2328.07319872933
"2207","FR12",2014,152677.929259403
"2208","FR13",2014,192495.137959934
"2209","FR14",2014,13894.4080867344
"2210","FR15",2014,101671.687916424
"2211","FR16",2014,25851.8658531898
"2212","FR17",2014,12411.7536895089
"2213","FR18",2014,880.533796173479
"2214","FR19",2014,14028.1713405093
"2215","FR2",2014,350.029693090234
"2216","FR20",2014,300.979462662074
"2217","FR21",2014,13610.614904134
"2218","FR22",2014,2547.2978749945
"2219","FR23",2014,285.573102132708
"2220","FR24",2014,6.16178569835238
"2221","FR25",2014,2063.99121752433
"2222","FR26",2014,70.7969186509354
"2223","FR27",2014,76991.1563091451
"2224","FR28",2014,33827.3319903793
"2225","FR29",2014,7204.86339202319
"2226","FR3",2014,61753.9700826519
"2227","FR30",2014,29407.2359121341
"2228","FR31",2014,127344.133781987
"2229","FR32",2014,39683.9222855718
"2230","FR33",2014,160503.659061243
"2231","FR34",2014,3317.06691911263
"2232","FR35",2014,250.755648138149
"2233","FR36",2014,684.947596817055
"2234","FR37",2014,1169.14397530891
"2235","FR38",2014,68213.947621068
"2236","FR39",2014,147.675436572609
"2237","FR4",2014,37337.722364293
"2238","FR40",2014,16225.9519293643
"2239","FR41",2014,5876.34604508907
"2240","FR42",2014,440.851405577182
"2241","FR43",2014,9768.14270215795
"2242","FR44",2014,4894.53318727642
"2243","FR45",2014,462.829275108278
"2244","FR46",2014,97694.0017691004
"2245","FR47",2014,1658.91797086596
"2246","FR48",2014,243.267072728178
"2247","FR49",2014,39423.9322845261
"2248","FR5",2014,39231.5283523866
"2249","FR50",2014,41747.3242187525
"2250","FR51",2014,100372.584510373
"2251","FR52",2014,108.541409852359
"2252","FR53",2014,17882.6219804915
"2253","FR54",2014,92671.1823059357
"2254","FR55",2014,15249.6008219942
"2255","FR56",2014,88456.0380086377
"2256","FR57",2014,16385.3631521584
"2257","FR58",2014,3728.33354331467
"2258","FR59",2014,86.7195964469518
"2259","FR6",2014,377.305786088499
"2260","FR60",2014,20252.4897870876
"2261","FR61",2014,285.727130665004
"2262","FR62",2014,390.593076094851
"2263","FR63",2014,921.496386998252
"2264","FR64",2014,16419.5180764449
"2265","FR65",2014,37856.4406482437
"2266","FR66",2014,26.6439442684849
"2267","FR67",2014,38921.3308096307
"2268","FR68",2014,57942.8029099956
"2269","FR69",2014,457.357970379205
"2270","FR7",2014,127795.533664676
"2271","FR70",2014,240.32299709626
"2272","FR71",2014,2221.16790896031
"2273","FR72",2014,36689.6353989176
"2274","FR73",2014,957.390949552616
"2275","FR74",2014,4981.31711390697
"2276","FR75",2014,7754.40830545352
"2277","FR76",2014,2140.2949084917
"2278","FR77",2014,692.055980171767
"2279","FR78",2014,40878.1029850774
"2280","FR79",2014,9023.41444199983
"2281","FR8",2014,437.740718571834
"2282","FR80",2014,28485.0436146648
"2283","FR81",2014,7527.67198290657
"2284","FR82",2014,84374.7111945996
"2285","FR83",2014,8192.36292948755
"2286","FR84",2014,5882.22907290817
"2287","FR85",2014,246.665590671312
"2288","FR86",2014,10362.2744730352
"2289","FR87",2014,94.554036982719
"2290","FR88",2014,2592.46060782559
"2291","FR89",2014,3356.63309640145
"2292","FR9",2014,61.9355469907969
"2293","FR90",2014,3298.67711102088
"2294","FR91",2014,55052.5005616384
"2295","FR92",2014,15703.0554274358
"2296","CT1",2015,85741.6642478589
"2297","CT10",2015,38939.3127981577
"2298","CT11",2015,41474.632293193
"2299","CT12",2015,3973.92853766749
"2300","CT13",2015,136582.215050304
"2301","CT14",2015,2274.59898723059
"2302","CT15",2015,904.242131018394
"2303","CT16",2015,164831.605862614
"2304","CT17",2015,501514.326916768
"2305","CT18",2015,2017.90628154129
"2306","CT19",2015,3291.35373385568
"2307","CT2",2015,602.066120892994
"2308","CT20",2015,314.509117899761
"2309","CT21",2015,11396.7249597925
"2310","CT22",2015,51066.3294538904
"2311","CT23",2015,452.572165995175
"2312","CT24",2015,17250.8144078856
"2313","CT25",2015,87249.2496997312
"2314","CT26",2015,14406.2251503182
"2315","CT27",2015,3275.54959131035
"2316","CT28",2015,39796.1017886391
"2317","CT29",2015,1450.70312834843
"2318","CT3",2015,6897.90835102541
"2319","CT30",2015,37412.4751485907
"2320","CT31",2015,10287.644206008
"2321","CT32",2015,130814.483400312
"2322","CT33",2015,94760.4126707978
"2323","CT34",2015,41.9093126781675
"2324","CT35",2015,68.0247204222862
"2325","CT36",2015,1080.31281850382
"2326","CT37",2015,25129.4488406506
"2327","CT38",2015,225708.442383283
"2328","CT39",2015,185181.928730247
"2329","CT4",2015,157356.384225938
"2330","CT40",2015,397.369045437239
"2331","CT41",2015,904.037856648404
"2332","CT42",2015,939.603985481622
"2333","CT43",2015,38065.9105519944
"2334","CT44",2015,771642.862801199
"2335","CT45",2015,120071.820341192
"2336","CT46",2015,1365.80315757308
"2337","CT47",2015,694.249412839725
"2338","CT48",2015,20971.2200908305
"2339","CT49",2015,27514.4920365906
"2340","CT5",2015,227486.40497096
"2341","CT50",2015,854.579032216456
"2342","CT51",2015,113.037532072752
"2343","CT52",2015,29041.7761740608
"2344","CT53",2015,590.789540859891
"2345","CT54",2015,2091.24418763054
"2346","CT55",2015,231912.285496842
"2347","CT56",2015,515731.011272516
"2348","CT57",2015,9612.26036600548
"2349","CT58",2015,413917.883253312
"2350","CT59",2015,521230.146648782
"2351","CT6",2015,220595.165904987
"2352","CT60",2015,25356.7852663468
"2353","CT61",2015,101446.951988265
"2354","CT7",2015,363.251491865415
"2355","CT8",2015,23131.4794658553
"2356","CT9",2015,5950.93632388717
"2357","FR1",2015,537.847589112631
"2358","FR10",2015,1756.60096586179
"2359","FR11",2015,2371.38125190455
"2360","FR12",2015,155132.004630504
"2361","FR13",2015,195083.852476266
"2362","FR14",2015,14100.0710257651
"2363","FR15",2015,104007.796698197
"2364","FR16",2015,26257.5977205126
"2365","FR17",2015,12696.938346645
"2366","FR18",2015,893.573316187268
"2367","FR19",2015,14350.4963843763
"2368","FR2",2015,351.50079843186
"2369","FR20",2015,302.469666851999
"2370","FR21",2015,13920.8442374149
"2371","FR22",2015,2592.78218567449
"2372","FR23",2015,289.831417320075
"2373","FR24",2015,6.27062183425168
"2374","FR25",2015,2111.41551266699
"2375","FR26",2015,72.0353293658907
"2376","FR27",2015,77665.1204797017
"2377","FR28",2015,34118.1638862803
"2378","FR29",2015,7333.51274732851
"2379","FR3",2015,63172.8900228183
"2380","FR30",2015,30022.1463927271
"2381","FR31",2015,128161.862434748
"2382","FR32",2015,40595.284808176
"2383","FR33",2015,164191.549141778
"2384","FR34",2015,3393.28312115756
"2385","FR35",2015,252.03030150131
"2386","FR36",2015,689.05879705242
"2387","FR37",2015,1184.460725692
"2388","FR38",2015,69391.0892213088
"2389","FR39",2015,150.312315211094
"2390","FR4",2015,38195.6306833558
"2391","FR40",2015,16597.7834820531
"2392","FR41",2015,5985.64077141965
"2393","FR42",2015,450.293200412963
"2394","FR43",2015,9992.58515359239
"2395","FR44",2015,5004.61930636241
"2396","FR45",2015,471.093510639637
"2397","FR46",2015,99438.4165251764
"2398","FR47",2015,1697.03490377888
"2399","FR48",2015,247.610826653429
"2400","FR49",2015,40329.7754165936
"2401","FR5",2015,40131.3020045186
"2402","FR50",2015,42492.7604592118
"2403","FR51",2015,102164.82777413
"2404","FR52",2015,109.401442484738
"2405","FR53",2015,18292.6021879173
"2406","FR54",2015,93223.0918388576
"2407","FR55",2015,15599.9906510626
"2408","FR56",2015,90035.5296493777
"2409","FR57",2015,16761.2852536684
"2410","FR58",2015,3813.4338363535
"2411","FR59",2015,87.5062888142051
"2412","FR6",2015,383.150918043038
"2413","FR60",2015,20553.4822926821
"2414","FR61",2015,287.15291520191
"2415","FR62",2015,397.567468853631
"2416","FR63",2015,936.340703084081
"2417","FR64",2015,16796.7837171078
"2418","FR65",2015,38434.3603967048
"2419","FR66",2015,27.0547361412135
"2420","FR67",2015,39815.6256694462
"2421","FR68",2015,59274.1537145027
"2422","FR69",2015,466.271881132243
"2423","FR7",2015,130015.293529761
"2424","FR70",2015,244.61418159244
"2425","FR71",2015,2240.61153896793
"2426","FR72",2015,37453.2336014784
"2427","FR73",2015,974.486031836538
"2428","FR74",2015,5095.32205712285
"2429","FR75",2015,7923.07624146691
"2430","FR76",2015,2172.16582473254
"2431","FR77",2015,696.244605420138
"2432","FR78",2015,41817.3585687189
"2433","FR79",2015,9225.2706669401
"2434","FR8",2015,444.533073894352
"2435","FR80",2015,29139.5440786468
"2436","FR81",2015,7689.46823233176
"2437","FR82",2015,85635.9537250944
"2438","FR83",2015,8371.80570800474
"2439","FR84",2015,6011.6512789445
"2440","FR85",2015,251.070028327564
"2441","FR86",2015,10518.8813389085
"2442","FR87",2015,96.1567418530893
"2443","FR88",2015,2638.75133968666
"2444","FR89",2015,3415.63304820362
"2445","FR9",2015,62.9354426776215
"2446","FR90",2015,3355.15535790912
"2447","FR91",2015,55534.4184003304
"2448","FR92",2015,16062.1227086173
"2449","CT1",2016,85748.846972544
"2450","CT10",2016,39669.2588656039
"2451","CT11",2016,42252.1591043024
"2452","CT12",2016,4048.06396839827
"2453","CT13",2016,136991.781898843
"2454","CT14",2016,2281.41979180547
"2455","CT15",2016,914.249362308324
"2456","CT16",2016,167923.565239445
"2457","CT17",2016,510921.87991905
"2458","CT18",2016,2055.75875877448
"2459","CT19",2016,3353.09390658877
"2460","CT2",2016,604.713369462199
"2461","CT20",2016,319.471393802241
"2462","CT21",2016,11426.9712242632
"2463","CT22",2016,51216.5833534108
"2464","CT23",2016,459.582072094755
"2465","CT24",2016,17564.5809027555
"2466","CT25",2016,88854.6361786407
"2467","CT26",2016,14673.344458762
"2468","CT27",2016,3336.72022272362
"2469","CT28",2016,40537.1919047476
"2470","CT29",2016,1447.29732505991
"2471","CT3",2016,7010.12781783902
"2472","CT30",2016,37795.4402212789
"2473","CT31",2016,10401.5356821668
"2474","CT32",2016,132452.68503916
"2475","CT33",2016,95979.1778193644
"2476","CT34",2016,42.4483310792787
"2477","CT35",2016,68.245047564899
"2478","CT36",2016,1090.08964169789
"2479","CT37",2016,25382.9269894165
"2480","CT38",2016,228222.216056726
"2481","CT39",2016,187563.654271032
"2482","CT4",2016,156942.926931586
"2483","CT40",2016,402.479824592604
"2484","CT41",2016,901.651946106495
"2485","CT42",2016,947.836853326099
"2486","CT43",2016,38440.4518990859
"2487","CT44",2016,779078.331217239
"2488","CT45",2016,121328.669448801
"2489","CT46",2016,1380.05006276225
"2490","CT47",2016,692.418299861169
"2491","CT48",2016,21257.275415504
"2492","CT49",2016,27860.2155070117
"2493","CT5",2016,226854.021887217
"2494","CT50",2016,862.772264277537
"2495","CT51",2016,112.740171374259
"2496","CT52",2016,29283.815030859
"2497","CT53",2016,599.580457348274
"2498","CT54",2016,2097.85625216313
"2499","CT55",2016,233537.064796951
"2500","CT56",2016,520905.546211725
"2501","CT57",2016,9652.98975674021
"2502","CT58",2016,415541.476664996
"2503","CT59",2016,528432.469719476
"2504","CT6",2016,220849.935791564
"2505","CT60",2016,25513.7283530448
"2506","CT61",2016,102286.022121394
"2507","CT7",2016,363.380664102162
"2508","CT8",2016,23546.3705687602
"2509","CT9",2016,6062.47212079652
"2510","FR1",2016,544.765139368432
"2511","FR10",2016,1773.35241342622
"2512","FR11",2016,2403.93605227651
"2513","FR12",2016,156847.491923163
"2514","FR13",2016,196695.788729404
"2515","FR14",2016,14233.6550077138
"2516","FR15",2016,105958.805462273
"2517","FR16",2016,26532.227815739
"2518","FR17",2016,12935.1112412031
"2519","FR18",2016,902.296030055711
"2520","FR19",2016,14619.6871932224
"2521","FR2",2016,350.942975916049
"2522","FR20",2016,302.232281862441
"2523","FR21",2016,14179.0436468974
"2524","FR22",2016,2626.12936701381
"2525","FR23",2016,292.610161359754
"2526","FR24",2016,6.35000911764585
"2527","FR25",2016,2151.02206056847
"2528","FR26",2016,72.932774910563
"2529","FR27",2016,77898.0136005355
"2530","FR28",2016,34215.0681009862
"2531","FR29",2016,7427.83304540892
"2532","FR3",2016,64357.9057475289
"2533","FR30",2016,30514.0781199005
"2534","FR31",2016,128238.25834159
"2535","FR32",2016,41356.289600028
"2536","FR33",2016,167271.502334787
"2537","FR34",2016,3456.93530523214
"2538","FR35",2016,251.868147418882
"2539","FR36",2016,689.17117803172
"2540","FR37",2016,1193.94446794039
"2541","FR38",2016,70237.4308057413
"2542","FR39",2016,152.245563635682
"2543","FR4",2016,38912.1154872218
"2544","FR40",2016,16907.9670578007
"2545","FR41",2016,6067.76965719332
"2546","FR42",2016,457.955423579309
"2547","FR43",2016,10180.029005238
"2548","FR44",2016,5095.71328111891
"2549","FR45",2016,477.152500285593
"2550","FR46",2016,100717.348025668
"2551","FR47",2016,1728.86837961669
"2552","FR48",2016,250.795484023315
"2553","FR49",2016,41086.2931267117
"2554","FR5",2016,40882.3064420281
"2555","FR50",2016,43039.2829232379
"2556","FR51",2016,103478.82514555
"2557","FR52",2016,109.662839374113
"2558","FR53",2016,18634.7246483332
"2559","FR54",2016,93233.8022485857
"2560","FR55",2016,15892.6198568299
"2561","FR56",2016,91193.5597685212
"2562","FR57",2016,17075.0371896918
"2563","FR58",2016,3884.34282187293
"2564","FR59",2016,87.8222226616959
"2565","FR6",2016,387.072166542632
"2566","FR60",2016,20749.486177011
"2567","FR61",2016,286.939495861582
"2568","FR62",2016,402.680799924719
"2569","FR63",2016,946.830919735062
"2570","FR64",2016,17111.8564283804
"2571","FR65",2016,38817.9153029141
"2572","FR66",2016,27.3336683026305
"2573","FR67",2016,40562.498822478
"2574","FR68",2016,60386.0358092352
"2575","FR69",2016,473.2265728302
"2576","FR7",2016,131631.503270448
"2577","FR70",2016,247.76029739556
"2578","FR71",2016,2247.33042662861
"2579","FR72",2016,38062.7111493957
"2580","FR73",2016,987.019426366156
"2581","FR74",2016,5190.40239134044
"2582","FR75",2016,8061.23170026663
"2583","FR76",2016,2192.94503330206
"2584","FR77",2016,696.394292678665
"2585","FR78",2016,42601.7808054985
"2586","FR79",2016,9392.2706386088
"2587","FR8",2016,449.094940491173
"2588","FR80",2016,29686.1521413216
"2589","FR81",2016,7821.445867773
"2590","FR82",2016,86460.4830955446
"2591","FR83",2016,8519.14403558161
"2592","FR84",2016,6118.05474116446
"2593","FR85",2016,254.299176230742
"2594","FR86",2016,10622.1189584989
"2595","FR87",2016,97.296814269243
"2596","FR88",2016,2672.6897554702
"2597","FR89",2016,3458.56569972637
"2598","FR9",2016,63.6252420749569
"2599","FR90",2016,3395.57381093831
"2600","FR91",2016,55700.9485182438
"2601","FR92",2016,16361.3795577081
"2602","CT1",2017,85756.0296972292
"2603","CT10",2017,40399.2049330501
"2604","CT11",2017,43029.6859154118
"2605","CT12",2017,4122.19939912905
"2606","CT13",2017,137401.348747382
"2607","CT14",2017,2288.24059638035
"2608","CT15",2017,924.256593598255
"2609","CT16",2017,171015.524616276
"2610","CT17",2017,520329.432921332
"2611","CT18",2017,2093.61123600767
"2612","CT19",2017,3414.83407932186
"2613","CT2",2017,607.360618031405
"2614","CT20",2017,324.433669704721
"2615","CT21",2017,11457.2174887339
"2616","CT22",2017,51366.8372529312
"2617","CT23",2017,466.591978194335
"2618","CT24",2017,17878.3473976254
"2619","CT25",2017,90460.0226575502
"2620","CT26",2017,14940.4637672057
"2621","CT27",2017,3397.8908541369
"2622","CT28",2017,41278.282020856
"2623","CT29",2017,1443.89152177139
"2624","CT3",2017,7122.34728465263
"2625","CT30",2017,38178.4052939671
"2626","CT31",2017,10515.4271583256
"2627","CT32",2017,134090.886678009
"2628","CT33",2017,97197.9429679311
"2629","CT34",2017,42.98734948039
"2630","CT35",2017,68.4653747075119
"2631","CT36",2017,1099.86646489196
"2632","CT37",2017,25636.4051381824
"2633","CT38",2017,230735.98973017
"2634","CT39",2017,189945.379811817
"2635","CT4",2017,156529.469637234
"2636","CT40",2017,407.590603747969
"2637","CT41",2017,899.266035564586
"2638","CT42",2017,956.069721170577
"2639","CT43",2017,38814.9932461774
"2640","CT44",2017,786513.799633278
"2641","CT45",2017,122585.518556411
"2642","CT46",2017,1394.29696795142
"2643","CT47",2017,690.587186882612
"2644","CT48",2017,21543.3307401775
"2645","CT49",2017,28205.9389774327
"2646","CT5",2017,226221.638803474
"2647","CT50",2017,870.965496338619
"2648","CT51",2017,112.442810675766
"2649","CT52",2017,29525.8538876572
"2650","CT53",2017,608.371373836657
"2651","CT54",2017,2104.46831669572
"2652","CT55",2017,235161.84409706
"2653","CT56",2017,526080.081150934
"2654","CT57",2017,9693.71914747494
"2655","CT58",2017,417165.070076679
"2656","CT59",2017,535634.792790171
"2657","CT6",2017,221104.70567814
"2658","CT60",2017,25670.6714397428
"2659","CT61",2017,103125.092254524
"2660","CT7",2017,363.509836338909
"2661","CT8",2017,23961.261671665
"2662","CT9",2017,6174.00791770587
"2663","FR1",2017,551.682689624233
"2664","FR10",2017,1790.10386099065
"2665","FR11",2017,2436.49085264846
"2666","FR12",2017,158562.979215823
"2667","FR13",2017,198307.724982542
"2668","FR14",2017,14367.2389896625
"2669","FR15",2017,107909.814226348
"2670","FR16",2017,26806.8579109653
"2671","FR17",2017,13173.2841357612
"2672","FR18",2017,911.018743924155
"2673","FR19",2017,14888.8780020684
"2674","FR2",2017,350.385153400238
"2675","FR20",2017,301.994896872884
"2676","FR21",2017,14437.2430563799
"2677","FR22",2017,2659.47654835312
"2678","FR23",2017,295.388905399433
"2679","FR24",2017,6.42939640104002
"2680","FR25",2017,2190.62860846995
"2681","FR26",2017,73.8302204552353
"2682","FR27",2017,78130.9067213693
"2683","FR28",2017,34311.972315692
"2684","FR29",2017,7522.15334348933
"2685","FR3",2017,65542.9214722395
"2686","FR30",2017,31006.009847074
"2687","FR31",2017,128314.654248432
"2688","FR32",2017,42117.2943918799
"2689","FR33",2017,170351.455527796
"2690","FR34",2017,3520.58748930671
"2691","FR35",2017,251.705993336455
"2692","FR36",2017,689.28355901102
"2693","FR37",2017,1203.42821018878
"2694","FR38",2017,71083.7723901737
"2695","FR39",2017,154.17881206027
"2696","FR4",2017,39628.6002910878
"2697","FR40",2017,17218.1506335483
"2698","FR41",2017,6149.89854296699
"2699","FR42",2017,465.617646745655
"2700","FR43",2017,10367.4728568835
"2701","FR44",2017,5186.80725587542
"2702","FR45",2017,483.211489931548
"2703","FR46",2017,101996.27952616
"2704","FR47",2017,1760.7018554545
"2705","FR48",2017,253.980141393202
"2706","FR49",2017,41842.8108368297
"2707","FR5",2017,41633.3108795376
"2708","FR50",2017,43585.8053872641
"2709","FR51",2017,104792.82251697
"2710","FR52",2017,109.924236263488
"2711","FR53",2017,18976.8471087491
"2712","FR54",2017,93244.5126583138
"2713","FR55",2017,16185.2490625971
"2714","FR56",2017,92351.5898876647
"2715","FR57",2017,17388.7891257151
"2716","FR58",2017,3955.25180739235
"2717","FR59",2017,88.1381565091867
"2718","FR6",2017,390.993415042226
"2719","FR60",2017,20945.4900613399
"2720","FR61",2017,286.726076521253
"2721","FR62",2017,407.794130995808
"2722","FR63",2017,957.321136386044
"2723","FR64",2017,17426.929139653
"2724","FR65",2017,39201.4702091234
"2725","FR66",2017,27.6126004640474
"2726","FR67",2017,41309.3719755098
"2727","FR68",2017,61497.9179039677
"2728","FR69",2017,480.181264528158
"2729","FR7",2017,133247.713011134
"2730","FR70",2017,250.90641319868
"2731","FR71",2017,2254.04931428929
"2732","FR72",2017,38672.1886973131
"2733","FR73",2017,999.552820895775
"2734","FR74",2017,5285.48272555802
"2735","FR75",2017,8199.38715906634
"2736","FR76",2017,2213.72424187158
"2737","FR77",2017,696.543979937193
"2738","FR78",2017,43386.203042278
"2739","FR79",2017,9559.2706102775
"2740","FR8",2017,453.656807087995
"2741","FR80",2017,30232.7602039963
"2742","FR81",2017,7953.42350321423
"2743","FR82",2017,87285.0124659947
"2744","FR83",2017,8666.48236315848
"2745","FR84",2017,6224.45820338441
"2746","FR85",2017,257.52832413392
"2747","FR86",2017,10725.3565780894
"2748","FR87",2017,98.4368866853968
"2749","FR88",2017,2706.62817125374
"2750","FR89",2017,3501.49835124913
"2751","FR9",2017,64.3150414722924
"2752","FR90",2017,3435.99226396751
"2753","FR91",2017,55867.4786361572
"2754","FR92",2017,16660.6364067989
"2755","CT1",2018,85763.2124219143
"2756","CT10",2018,41129.1510004963
"2757","CT11",2018,43807.2127265213
"2758","CT12",2018,4196.33482985982
"2759","CT13",2018,137810.915595922
"2760","CT14",2018,2295.06140095523
"2761","CT15",2018,934.263824888185
"2762","CT16",2018,174107.483993108
"2763","CT17",2018,529736.985923613
"2764","CT18",2018,2131.46371324085
"2765","CT19",2018,3476.57425205496
"2766","CT2",2018,610.00786660061
"2767","CT20",2018,329.3959456072
"2768","CT21",2018,11487.4637532046
"2769","CT22",2018,51517.0911524516
"2770","CT23",2018,473.601884293915
"2771","CT24",2018,18192.1138924954
"2772","CT25",2018,92065.4091364597
"2773","CT26",2018,15207.5830756495
"2774","CT27",2018,3459.06148555017
"2775","CT28",2018,42019.3721369645
"2776","CT29",2018,1440.48571848286
"2777","CT3",2018,7234.56675146625
"2778","CT30",2018,38561.3703666552
"2779","CT31",2018,10629.3186344844
"2780","CT32",2018,135729.088316857
"2781","CT33",2018,98416.7081164977
"2782","CT34",2018,43.5263678815012
"2783","CT35",2018,68.6857018501247
"2784","CT36",2018,1109.64328808603
"2785","CT37",2018,25889.8832869482
"2786","CT38",2018,233249.763403613
"2787","CT39",2018,192327.105352601
"2788","CT4",2018,156116.012342882
"2789","CT40",2018,412.701382903335
"2790","CT41",2018,896.880125022676
"2791","CT42",2018,964.302589015054
"2792","CT43",2018,39189.5345932689
"2793","CT44",2018,793949.268049318
"2794","CT45",2018,123842.36766402
"2795","CT46",2018,1408.5438731406
"2796","CT47",2018,688.756073904056
"2797","CT48",2018,21829.3860648511
"2798","CT49",2018,28551.6624478538
"2799","CT5",2018,225589.25571973
"2800","CT50",2018,879.1587283997
"2801","CT51",2018,112.145449977273
"2802","CT52",2018,29767.8927444555
"2803","CT53",2018,617.162290325039
"2804","CT54",2018,2111.0803812283
"2805","CT55",2018,236786.623397169
"2806","CT56",2018,531254.616090143
"2807","CT57",2018,9734.44853820968
"2808","CT58",2018,418788.663488363
"2809","CT59",2018,542837.115860865
"2810","CT6",2018,221359.475564717
"2811","CT60",2018,25827.6145264407
"2812","CT61",2018,103964.162387653
"2813","CT7",2018,363.639008575657
"2814","CT8",2018,24376.1527745699
"2815","CT9",2018,6285.54371461522
"2816","FR1",2018,558.600239880034
"2817","FR10",2018,1806.85530855509
"2818","FR11",2018,2469.04565302042
"2819","FR12",2018,160278.466508482
"2820","FR13",2018,199919.661235679
"2821","FR14",2018,14500.8229716112
"2822","FR15",2018,109860.822990424
"2823","FR16",2018,27081.4880061917
"2824","FR17",2018,13411.4570303192
"2825","FR18",2018,919.741457792598
"2826","FR19",2018,15158.0688109145
"2827","FR2",2018,349.827330884426
"2828","FR20",2018,301.757511883326
"2829","FR21",2018,14695.4424658624
"2830","FR22",2018,2692.82372969244
"2831","FR23",2018,298.167649439113
"2832","FR24",2018,6.5087836844342
"2833","FR25",2018,2230.23515637144
"2834","FR26",2018,74.7276659999075
"2835","FR27",2018,78363.7998422032
"2836","FR28",2018,34408.8765303979
"2837","FR29",2018,7616.47364156975
"2838","FR3",2018,66727.9371969501
"2839","FR30",2018,31497.9415742474
"2840","FR31",2018,128391.050155274
"2841","FR32",2018,42878.2991837319
"2842","FR33",2018,173431.408720806
"2843","FR34",2018,3584.23967338129
"2844","FR35",2018,251.543839254027
"2845","FR36",2018,689.39593999032
"2846","FR37",2018,1212.91195243718
"2847","FR38",2018,71930.1139746062
"2848","FR39",2018,156.112060484858
"2849","FR4",2018,40345.0850949539
"2850","FR40",2018,17528.3342092959
"2851","FR41",2018,6232.02742874067
"2852","FR42",2018,473.279869912002
"2853","FR43",2018,10554.9167085291
"2854","FR44",2018,5277.90123063192
"2855","FR45",2018,489.270479577504
"2856","FR46",2018,103275.211026652
"2857","FR47",2018,1792.53533129231
"2858","FR48",2018,257.164798763088
"2859","FR49",2018,42599.3285469478
"2860","FR5",2018,42384.3153170471
"2861","FR50",2018,44132.3278512902
"2862","FR51",2018,106106.819888391
"2863","FR52",2018,110.185633152864
"2864","FR53",2018,19318.9695691651
"2865","FR54",2018,93255.223068042
"2866","FR55",2018,16477.8782683644
"2867","FR56",2018,93509.6200068082
"2868","FR57",2018,17702.5410617385
"2869","FR58",2018,4026.16079291178
"2870","FR59",2018,88.4540903566775
"2871","FR6",2018,394.914663541821
"2872","FR60",2018,21141.4939456687
"2873","FR61",2018,286.512657180925
"2874","FR62",2018,412.907462066896
"2875","FR63",2018,967.811353037025
"2876","FR64",2018,17742.0018509255
"2877","FR65",2018,39585.0251153327
"2878","FR66",2018,27.8915326254644
"2879","FR67",2018,42056.2451285417
"2880","FR68",2018,62609.7999987001
"2881","FR69",2018,487.135956226115
"2882","FR7",2018,134863.922751821
"2883","FR70",2018,254.052529001801
"2884","FR71",2018,2260.76820194996
"2885","FR72",2018,39281.6662452304
"2886","FR73",2018,1012.08621542539
"2887","FR74",2018,5380.56305977561
"2888","FR75",2018,8337.54261786606
"2889","FR76",2018,2234.50345044111
"2890","FR77",2018,696.69366719572
"2891","FR78",2018,44170.6252790576
"2892","FR79",2018,9726.2705819462
"2893","FR8",2018,458.218673684816
"2894","FR80",2018,30779.3682666711
"2895","FR81",2018,8085.40113865547
"2896","FR82",2018,88109.5418364449
"2897","FR83",2018,8813.82069073535
"2898","FR84",2018,6330.86166560437
"2899","FR85",2018,260.757472037097
"2900","FR86",2018,10828.5941976798
"2901","FR87",2018,99.5769591015505
"2902","FR88",2018,2740.56658703729
"2903","FR89",2018,3544.43100277188
"2904","FR9",2018,65.0048408696278
"2905","FR90",2018,3476.4107169967
"2906","FR91",2018,56034.0087540707
"2907","FR92",2018,16959.8932558896
